3 0.0546875 0.734375 0.0140625 0.040625
4 0.0796875 0.73515625 0.0125 0.0421875
4 0.096875 0.73359375 0.0140625 0.0390625
6 0.234375 0.7328125 0.015625 0.04375
6 0.12421875 0.8703125 0.0140625 0.0421875
6 0.33671875 0.8703125 0.0140625 0.04375
2 0.26640625 0.73359375 0.015625 0.0421875
2 0.30078125 0.73359375 0.015625 0.0421875
0 0.28359375 0.73359375 0.015625 0.0421875
1 0.3171875 0.734375 0.0125 0.0421875
1 0.10625 0.8703125 0.015625 0.04375
9 0.13984375 0.86953125 0.0140625 0.0421875
8 0.165625 0.8703125 0.015625 0.0421875
8 0.2953125 0.8703125 0.0140625 0.0421875
5 0.3125 0.86953125 0.015625 0.0421875