0 0.23343504487549477 0.7608744657401179 0.020605752481199426 0.04082639586155708
1 0.27093504487549475 0.7589091740170038 0.017699076302517013 0.04535012155129756
2 0.2155026821790477 0.7610349180241099 0.01737159057054054 0.03831887155129756
2 0.2522214321790477 0.7591105698785607 0.01606380169541115 0.0437057343961678
6 0.17952879487549472 0.7636995725920942 0.020751301695411062 0.04395139586155707
0 0.008578613732158975 0.7719668532339318 0.01715722746431795 0.03848264586155707
0 0.02487768217904766 0.7710251509499397 0.020496590570540575 0.03848264586155707
9 0.06801975248570857 0.8989144555633525 0.02060575248119938 0.04082639586155708
4 0.2548112770928144 0.8875664405253472 0.01737159057054054 0.03831887155129756
2 0.27583225248570853 0.8880234639310955 0.01762630169541115 0.04378762155129721
1 0.2376237770928144 0.8884671992317745 0.01606380169541106 0.04370573439616763
6 0.049269752485708564 0.8998971014249095 0.020751301695411083 0.04395139586155707
3 0.09536350248570857 0.8974814303485819 0.017699076302516926 0.04535012155129756
1 0.30094141439636735 0.8843695194490195 0.020751301695411062 0.04395139586155707
2 0.029030027092814426 0.8993991344415964 0.020496590570540575 0.03848264586155707