0 0.2545507565001527 0.8223800358097659 0.018811008402956908 0.03994374394987581
1 0.2913013399982499 0.8233749092481368 0.01747134288963732 0.045403403590795935
2 0.23498767300205553 0.8214851563212708 0.01718484140676253 0.03837215359079593
2 0.2724876730020555 0.8217033249391814 0.015686008402956995 0.03992556323171641
6 0.19830075650015272 0.8220527828828997 0.020373508402956996 0.03995283430895533
0 0.04280017300205553 0.8203670421544776 0.018747341406762597 0.03838124394987581
9 0.09814820068238442 0.9519079336450254 0.018747341406762597 0.03838124394987581
4 0.2879919506823844 0.9530124122731991 0.017248508402956907 0.039934653590795934
2 0.3067737841804816 0.9539027465821543 0.017312175399151374 0.041497153590795935
1 0.26999136718428723 0.9521266231437835 0.01584517589344294 0.04383181323171641
6 0.07861695068238442 0.9517943041565303 0.018874675399151376 0.04150624394987581
3 0.12474253418048162 0.9528437197493791 0.017407675893442942 0.043840903590795934
1 0.33324078368619003 0.9517135326865078 0.018874675399151376 0.04150624394987581
2 0.059835117184287225 0.9509039698475747 0.018811008402956974 0.03994374394987581