0 0.19843825303600787 0.8067595809893057 0.019886602665567032 0.03917158430895569
1 0.23515700303600787 0.8069732044276767 0.016920727038746364 0.044622153590796285
2 0.18049223508931922 0.80587379185989 0.01671613855894436 0.03759090359079629
2 0.21721098508931921 0.8060874152982611 0.014531512932123736 0.04304601805217665
6 0.14453200303600788 0.8064459636010589 0.020000262932123737 0.04307783430895533
0 0.0006751521843956973 0.8047738584112564 0.0013503043687913946 0.037609084308955334
9 0.036093714239636684 0.9347431595427246 0.019886602665567032 0.03917158430895533
4 0.22207667834625938 0.9342624122731991 0.016716138558944316 0.037590903590795935
2 0.2423437142396367 0.935943086941234 0.016875262932123734 0.04305965359079593
1 0.20488917834625936 0.9341624183233233 0.014531512932123736 0.04304601805217665
6 0.01734371423963669 0.9346340752337692 0.020000262932123737 0.04307783430895569
3 0.06343746423963668 0.934902240826618 0.01692072703874641 0.04462215359079593
1 0.26741191039957074 0.9337447826865081 0.020000262932123737 0.04307783430895569
2 0.0038892488128657713 0.9329579457452738 0.007778497625731543 0.03760908430895569