0 0.2859375 0.7703125 0.0171875 0.0359375
1 0.31953125 0.7703125 0.0140625 0.040625
2 0.26953125 0.76953125 0.0140625 0.034375
2 0.303125 0.76953125 0.0125 0.0390625
6 0.23671875 0.7703125 0.0171875 0.0390625
6 0.05390625 0.771875 0.0171875 0.0359375
0 0.0796875 0.76953125 0.0171875 0.034375
0 0.09609375 0.76953125 0.0171875 0.034375
9 0.140625 0.88828125 0.0171875 0.0359375
4 0.3109375 0.88671875 0.0140625 0.034375
2 0.3296875 0.88828125 0.0140625 0.0390625
1 0.2953125 0.88671875 0.0125 0.0390625
6 0.1234375 0.88828125 0.0171875 0.0390625
3 0.165625 0.88828125 0.0140625 0.040625
1 0.35234375 0.8859375 0.0171875 0.0390625
2 0.10546875 0.88671875 0.0171875 0.034375