7 0.031979858570034075 0.7727638985880743 0.015662020801562527 0.035588159012915455
2 0.05777929236562436 0.7712324908288 0.013318270801562537 0.03551996285298138
4 0.07496679236562435 0.7707323856559505 0.015662020801562537 0.035588159012915455
6 0.21637304236562435 0.7666178840065978 0.01722452080156254 0.035633623119538174
2 0.25074804236562437 0.765617673660899 0.013245535619201387 0.03239496285298138
2 0.28515940995680494 0.7630549633151998 0.015662020801562447 0.035588159012915455
0 0.2671542923656244 0.7651403005413606 0.015662020801562537 0.035588159012915455
1 0.3023105423656244 0.7641173581423504 0.015698388392743113 0.037150659012915456
1 0.08232273784472147 0.890749368962903 0.01335463839274309 0.03708246285298138
1 0.27683580404913116 0.8858703376883792 0.013391005983923598 0.03864496285298138
9 0.10027330404913119 0.8910077817367423 0.01729725598392364 0.03875862311953817
4 0.1174608040491312 0.8905076765638927 0.015662020801562537 0.035588159012915455
6 0.1424608040491312 0.8897802508579298 0.015734755983923644 0.03871315901291546
4 0.2932420540491312 0.885392964568841 0.01722452080156245 0.035633623119538174
6 0.3112289878447215 0.8840888773426803 0.015698388392743113 0.037150659012915456
5 0.3362289878447215 0.8833614516367174 0.015698388392743113 0.037150659012915456