1 0.04140625 0.6565494446610457 0.01328125 0.03765454133513622
1 0.05859375 0.6563494499920458 0.01328125 0.03765454133513622
1 0.10390625 0.6566034413192279 0.01328125 0.03296704133513621
1 0.3328125 0.6539398759548203 0.01328125 0.03765454133513622
1 0.23125 0.7730904126352742 0.01328125 0.034529541335136214
0 0.0859375 0.6568125266550006 0.01484375 0.03611022266868176
0 0.296875 0.6543580466263654 0.01640625 0.03300340400222712
6 0.24609375 0.6541676899665925 0.01640625 0.034565904002227296
6 0.09765625 0.7746449166534097 0.01484375 0.03611022266868176
6 0.1140625 0.7744540126511825 0.01484375 0.03611022266868176
9 0.2484375 0.7728904179662743 0.01640625 0.034565904002227296
2 0.27890625 0.654567131962138 0.01484375 0.03611022266868176
2 0.31484375 0.6533677112905929 0.01640625 0.0376909040022273