7 0.04252814164226991 0.7787607796352777 0.013428953266987653 0.036991506933854265
2 0.06830939164226991 0.7781607143807986 0.014991453266987653 0.037027874525034754
4 0.0862781416422699 0.7777424870822222 0.016553953266987654 0.03706424211621524
6 0.2339343916422699 0.7743057497156596 0.018116453266987697 0.037100609707395905
2 0.2698718916422699 0.7734692951185067 0.014845904052775971 0.03390287452503475
2 0.3057002297316111 0.770289090521354 0.0165539532669877 0.03706424211621524
0 0.2870593916422699 0.7730692516155206 0.0165539532669877 0.03706424211621524
1 0.3229968916422699 0.7722327970183678 0.016626727874093562 0.03862674211621524
1 0.10229274751429143 0.9032873477395487 0.015064227874093516 0.038590374525034575
1 0.3054541348178444 0.8993408108860763 0.015173389784752267 0.040934124525034574
9 0.12186038481784438 0.9036140028497917 0.01829838978475227 0.041006859707395905
4 0.13982913481784437 0.9031957755512152 0.016553953266987654 0.03706424211621524
6 0.16561038481784437 0.9025957102967361 0.016735889784752267 0.04097049211621524
4 0.32342288481784437 0.8989225835874997 0.018116453266987697 0.037100609707395905
6 0.34135524751429147 0.8977231062889233 0.016626727874093562 0.03862674211621524
5 0.36791774751429146 0.897104857238854 0.016626727874093562 0.03862674211621524