3 0.056250995023159 0.7313056579817173 0.017054703188503308 0.042878858767505613
4 0.08207318860072388 0.733287688998964 0.015574090343633041 0.04436858416039975
4 0.09996005144559413 0.7325620969806813 0.016972816033373528 0.04131635876750579
6 0.2444503578680292 0.7385124981379732 0.01882192107632772 0.04685788337461148
6 0.13635897613996642 0.8768771772121398 0.01713659034363304 0.04444135876750579
6 0.35901522613996645 0.8872475587247244 0.01725942107632772 0.04678510876750579
2 0.2773038014455941 0.7408220148871962 0.018699090343632995 0.04451413337461148
2 0.3132413014455941 0.7424958308506309 0.018699090343632995 0.04451413337461148
0 0.2952725514455941 0.7416589228689136 0.018699090343632995 0.04451413337461148
1 0.33046974502315896 0.7440776015287953 0.015574090343632996 0.04436858416039975
1 0.11760897613996642 0.8760038819268694 0.018821921076327675 0.04685788337461148
9 0.15272428256240156 0.8768600605867511 0.017136590343633084 0.04444135876750579
8 0.1801089761399664 0.8789148662111037 0.01869909034363304 0.04451413337461148
8 0.31526522613996644 0.8852098697257602 0.017136590343632997 0.04444135876750579
5 0.33319303256240157 0.8852655277074778 0.018699090343632995 0.04451413337461148