1 0.03984375 0.6541618775441913 0.01328125 0.03975854081860284
1 0.0578125 0.6532201752601992 0.01328125 0.03975854081860284
1 0.10546875 0.6515038670287417 0.01328125 0.035071040818602836
1 0.34609375 0.63889324513876 0.01328125 0.03975854081860284
1 0.23984375 0.768680321687583 0.01328125 0.03663354081860284
0 0.08671875 0.6524865128902988 0.015625 0.03831887155129756
0 0.30859375 0.640858536861874 0.0171875 0.03527575870642714
6 0.25546875 0.6428614501362856 0.0171875 0.03683825870642732
6 0.09921875 0.7760501656492608 0.015625 0.03831887155129756
6 0.1171875 0.7751084633652686 0.015625 0.03831887155129756
9 0.2578125 0.7677386194035909 0.0171875 0.03683825870642732
2 0.28984375 0.641841182723431 0.015625 0.03831887155129756
2 0.32734375 0.639094641000317 0.0171875 0.03996325870642732