7 0.8486583102437699 0.536678955913481 0.02200397477225664 0.049146828130301044
9 0.1042064497141491 0.7441468148834571 0.02016865626060227 0.04127976442797028
0 0.3057689497141491 0.7371080972827768 0.017879469962933124 0.042760418874474126
3 0.08621041786298365 0.7439930474602621 0.014699906260602247 0.04108879146981224
5 0.2518899815653145 0.7397717950131912 0.016316969962933126 0.042705855172143
1 0.3416791678629837 0.7350718821291672 0.014809033665263982 0.04421379146981223
2 0.32292916786298365 0.7357266465571375 0.01626240626060227 0.041143355172143
2 0.28777291786298365 0.7369543298595816 0.01793403366526398 0.04432291887447395
3 0.059675199714149085 0.7457018803998865 0.01618056070710596 0.038799605172143
1 0.2598438692215953 0.8779439176085297 0.016316969962933036 0.042705855172143
2 0.11997283737042981 0.8820461189671412 0.01618056070710594 0.038799605172143
7 0.1379415873704298 0.8814186363903364 0.01618056070710594 0.038799605172143
6 0.2778126192215953 0.8773164350317249 0.017879469962933037 0.04276041887447377