0 0.249080920876165 0.7572494580244985 0.017121174410568152 0.037446496071058634
1 0.2826428373780678 0.7564660539717227 0.015749675399151376 0.042061221463952594
2 0.23114400437426222 0.757305116006216 0.015495007414373773 0.03581122146395277
2 0.26551900437426224 0.7557040746498871 0.013996174410568153 0.03730094685684691
6 0.198299670876165 0.759614632755439 0.018683674410568195 0.03751927067816432
6 0.014674087378067798 0.7689468990903772 0.0171211744105682 0.037446496071058634
0 0.03973775437426219 0.7662200053766834 0.015558674410568196 0.03737372146395277
0 0.05614400437426219 0.765455872002072 0.01705750741437382 0.03588399607105863
9 0.09658597916539124 0.8828766583960022 0.01705750741437382 0.03588399607105863
4 0.2700234791653912 0.8747986770072519 0.015558674410568152 0.03737372146395259
2 0.287179145667294 0.8747794063290876 0.01562234140676253 0.03893622146395259
1 0.2536490626634884 0.8747815603818634 0.014123508402956907 0.0404259468568469
6 0.07939847916539125 0.8836771790741664 0.017184841406762595 0.039008996071058274
3 0.12155414566729403 0.8824935146823083 0.015686008402956995 0.04049872146395259
1 0.3114933961615856 0.8713076499189467 0.01718484140676253 0.039008996071058635
2 0.06224281266348843 0.883696449752331 0.017121174410568197 0.037446496071058634