7 0.767402268205824 0.5875423265103153 0.021987864653892686 0.04698862948849527
9 0.03162746325372696 0.7675505934823376 0.020015928878243792 0.03916703912941557
0 0.22693996325372695 0.7664142985973854 0.01853531603337357 0.04072044877033605
3 0.015262156831291835 0.7668647922526736 0.015328428878243794 0.03913976805217665
5 0.17455526967616208 0.7675000756265525 0.016972816033373573 0.04071135841125635
1 0.26135590683129184 0.7654330606976337 0.015492203188503329 0.042264768052176646
2 0.24416840683129185 0.7655330546475095 0.016890928878243817 0.03914885841125635
2 0.20979340683129183 0.7657330425472612 0.01861720318850333 0.042282948770336046
1 0.17067891791256828 0.9010756449083933 0.016972816033373573 0.040711358411256525
2 0.03556361149013317 0.9010807109687804 0.016809041723114038 0.03758635841125653
7 0.05353236149013317 0.9009761718393647 0.016809041723114038 0.03758635841125653
6 0.18786641791256828 0.9009756509585175 0.01853531603337357 0.04072044877033605