4 0.03171896551816036 0.75859375 0.016625108757465312 0.04296875
6 0.18404453172257007 0.7578125 0.018314895326597292 0.0484375
6 0.06493412186267437 0.91015625 0.016716027735416715 0.046875
6 0.3008716218626744 0.91015625 0.016752395326597204 0.0484375
2 0.21921896551816036 0.75859375 0.018278527735416716 0.046875
2 0.2575002155181604 0.75859375 0.018278527735416716 0.046875
0 0.23796896551816035 0.75859375 0.018278527735416716 0.046875
1 0.2754871493137506 0.759375 0.015153527735416717 0.046875
1 0.045402871862674374 0.91015625 0.018314895326597257 0.0484375
9 0.08288468806708409 0.909375 0.016716027735416715 0.046875
8 0.11102787186267438 0.91015625 0.018278527735416716 0.046875
8 0.2547778718626744 0.91015625 0.016716027735416715 0.046875
5 0.2735096880670841 0.909375 0.018278527735416716 0.046875