7 0.7953125 0.5890625 0.01875 0.0453125
9 0.09609375 0.7578125 0.0171875 0.0375
0 0.28359375 0.7578125 0.015625 0.0390625
3 0.0796875 0.75703125 0.0125 0.0375
5 0.23359375 0.75859375 0.0140625 0.0390625
1 0.3171875 0.75703125 0.0125 0.040625
2 0.3 0.75703125 0.0140625 0.0375
2 0.2671875 0.75703125 0.015625 0.040625
3 0.0546875 0.7578125 0.0140625 0.0359375
1 0.23671875 0.8875 0.0140625 0.0390625
2 0.10625 0.88671875 0.0140625 0.0359375
7 0.1234375 0.88671875 0.0140625 0.0359375
6 0.253125 0.8875 0.015625 0.0390625