0 0.28671875 0.7703125 0.015625 0.0359375
1 0.31953125 0.77109375 0.0140625 0.040625
2 0.26875 0.76953125 0.0140625 0.034375
2 0.30234375 0.76953125 0.0125 0.0359375
6 0.2359375 0.7703125 0.0171875 0.0359375
6 0.0546875 0.77109375 0.015625 0.0359375
0 0.0796875 0.76953125 0.0140625 0.0359375
0 0.09609375 0.76953125 0.015625 0.034375
9 0.140625 0.8875 0.015625 0.034375
4 0.31171875 0.8875 0.0140625 0.0359375
2 0.32890625 0.88828125 0.0140625 0.0375
1 0.2953125 0.88671875 0.0125 0.0390625
6 0.1234375 0.8875 0.015625 0.0375
3 0.16484375 0.88828125 0.0140625 0.0390625
1 0.35234375 0.8859375 0.015625 0.0375
2 0.10625 0.88671875 0.015625 0.0359375