7 0.0613145508705651 0.33575623400699967 0.021903743731793844 0.0549238573360908
5 0.08394806881725377 0.3352386133434086 0.02206286810497322 0.060392607336090795
0 0.1199083008705651 0.33643803401495387 0.02206286810497322 0.060392607336090795
0 0.14173783676394242 0.3351300726845901 0.02201740399835055 0.0588301073360908
0 0.16437135471063108 0.33461245202099904 0.022062868104973266 0.060392607336090795
0 0.1995503367639424 0.3358027820257715 0.024361153998350548 0.05885737933640893
0 0.22374635471063103 0.3353033426957259 0.02197193989172792 0.0572676073360908
0 0.24718385471063103 0.3355760626989076 0.020500368104973177 0.06037442600254526
4 0.024999246963992118 0.8054869313335455 0.004534387305303117 0.04847386266709108
6 0.0391072110706148 0.8072130633354545 0.01696619114536909 0.04627556333545435
8 0.18903901491068079 0.8066147213558171 0.01703438730530311 0.04861931333545435
2 0.2265162828573694 0.8062698233609078 0.018596887305303157 0.048637494668999894
2 0.26249924696399213 0.8082504940324531 0.017034387305303156 0.04861931333545435
0 0.24453049696399215 0.8080414086966805 0.01696619114536908 0.04627556333545435
1 0.2812492469639921 0.8084686700349983 0.015471887305303156 0.048601132001909166
6 0.05532690762626023 0.9620369233370452 0.01868781551854848 0.05176249466899989