7 0.08170567491454009 0.27916480435292196 0.021858279625171173 0.053243174668035034
5 0.10360340696785142 0.2782562893258073 0.02201740399835055 0.05871192466803503
0 0.1387369249145401 0.27883300624651597 0.02201740399835055 0.05871192466803503
0 0.15987613902116277 0.2771477863989411 0.021971939891727833 0.057149424668035034
0 0.18177387107447412 0.27623927137182647 0.02201740399835055 0.05871192466803503
0 0.21612613902116276 0.27682053347207486 0.02353443989172783 0.057158515027114644
0 0.2395863710744741 0.27590292808588057 0.021903743731793844 0.05480567466803503
0 0.2622426210744741 0.27577111787922615 0.019673653998350547 0.05869828912941557
4 0.01528242372740585 0.736505126561629 0.016207673198680432 0.04696135841125635
6 0.033228441674094514 0.7371818374322133 0.016162209092057744 0.04539885841125635
8 0.17936765578071717 0.7347693888582691 0.01620767319868044 0.04696135841125635
2 0.2153278878340285 0.7337790605994379 0.01777017319868044 0.04697044877033605
2 0.25043867372740586 0.7351370275201465 0.01620767319868044 0.04696135841125635
0 0.23246992372740585 0.7352415666495621 0.016162209092057723 0.04539885841125635
1 0.26840742372740584 0.7350324883907309 0.01464517319868044 0.04695226805217665
6 0.04058263743831712 0.8871136597391163 0.017861101411925796 0.050095448770336046