7 0.1296875 0.309375 0.01875 0.05
5 0.15 0.30859375 0.01875 0.0546875
0 0.1828125 0.309375 0.01875 0.0546875
0 0.203125 0.3078125 0.01875 0.053125
0 0.2234375 0.30703125 0.01875 0.0546875
0 0.25546875 0.3078125 0.0203125 0.053125
0 0.27734375 0.30703125 0.01875 0.0515625
0 0.2984375 0.30703125 0.0171875 0.0546875
2 0.05390625 0.7375 0.015625 0.040625
4 0.0796875 0.7375 0.0140625 0.04375
6 0.096875 0.73828125 0.0140625 0.0421875
8 0.23359375 0.73671875 0.0140625 0.04375
2 0.2671875 0.7359375 0.015625 0.04375
2 0.3 0.7375 0.0140625 0.04375
0 0.28359375 0.7375 0.0140625 0.0421875
1 0.3171875 0.7375 0.0125 0.04375
6 0.1078125 0.87890625 0.015625 0.046875