1 0.2563188159200693 0.21363537869919877 0.01533471248093754 0.02195829998588259
0 0.27897506592006927 0.21495495499344058 0.024746080072118027 0.02406683155591365
9 0.019307818769860877 0.2796265868175855 0.01675174211621529 0.015799305247554418
3 0.04430781876986088 0.2810826710043351 0.013626742116215295 0.015617294724210673
3 0.4654548137358677 0.37054334428657026 0.016788109707395905 0.01736180524755442
0 0.0606958849742706 0.2828194762518895 0.015189242116215284 0.01570829998588259
6 0.2099146349742706 0.2915104787415511 0.016788109707395905 0.01736180524755442
2 0.24118281876986086 0.29254933397498806 0.01675174211621524 0.015799305247554418
2 0.2731958849742706 0.295196191839261 0.015189242116215241 0.01570829998588259
0 0.2575708849742706 0.29428613922254254 0.015189242116215241 0.01570829998588259
1 0.2872583849742706 0.2960152391943076 0.00815799211621524 0.01529877630835923
6 0.02482981373586777 0.3448798604951088 0.016751742116215294 0.015799305247554418
5 0.043579813735867765 0.34597192363517104 0.015189242116215284 0.01570829998588259
1 0.2177803799402775 0.3569002603115822 0.011282992116215241 0.015480786831702975
7 0.23264231373586775 0.35698356029746475 0.01675174211621524 0.015799305247554418
7 0.48342356373586776 0.37158990479579657 0.01675174211621524 0.015799305247554418
2 0.49904856373586776 0.372499957412515 0.01675174211621524 0.015799305247554418
6 0.518195994397326 0.4909615310759209 0.016788109707395905 0.01736180524755433
2 0.21810311578822866 0.5783125287274337 0.015189242116215241 0.01570829998588259
0 0.23450936578822867 0.5792680839749881 0.015189242116215241 0.01570829998588259
1 0.24857186578822868 0.5800871313300348 0.00815799211621524 0.01529877630835923
3 0.26419686578822865 0.5809971839467531 0.015225609707395903 0.01727079998588259