1 0.2546875 0.2 0.0140625 0.0203125
0 0.2765625 0.2 0.0234375 0.021875
9 0.0265625 0.27734375 0.015625 0.0140625
3 0.05078125 0.27734375 0.0125 0.0140625
3 0.46015625 0.33984375 0.015625 0.015625
0 0.06640625 0.278125 0.0140625 0.0140625
6 0.2109375 0.278125 0.015625 0.015625
2 0.24140625 0.27734375 0.015625 0.0140625
2 0.27265625 0.278125 0.0140625 0.0140625
0 0.25703125 0.278125 0.0140625 0.0140625
1 0.2859375 0.278125 0.0078125 0.0140625
6 0.03359375 0.33984375 0.015625 0.0140625
5 0.0515625 0.33984375 0.0140625 0.0140625
1 0.2203125 0.340625 0.0109375 0.0140625
7 0.234375 0.33984375 0.015625 0.0140625
7 0.47734375 0.33984375 0.015625 0.0140625
2 0.49296875 0.33984375 0.015625 0.0140625
6 0.5140625 0.45390625 0.015625 0.015625
2 0.22578125 0.5546875 0.0140625 0.0140625
0 0.24140625 0.5546875 0.0140625 0.0140625
1 0.25546875 0.5546875 0.0078125 0.0140625
3 0.2703125 0.5546875 0.0140625 0.015625
1 0.1765625 0.97734375 0.009375 0.0140625
2 0.4046875 0.97734375 0.0140625 0.0125
2 0.63125 0.97734375 0.0125 0.0140625
3 0.6453125 0.97734375 0.0125 0.0140625