1 0.27389976468230837 0.14962896080791738 0.016680231803034927 0.023110891066226814
0 0.2981185146823084 0.14892426715526583 0.026909256410140792 0.024968907759274205
9 0.016772161291486246 0.2429316460807917 0.01791524607105857 0.01612510517284953
3 0.04333466129148625 0.24215875626820615 0.014790246071058577 0.016034176959604095
3 0.49478369127527555 0.29845995124100594 0.017988020678164317 0.01768760517284953
0 0.06048577398793331 0.24243990109535668 0.016352746071058587 0.016079641066226814
6 0.2214232739879333 0.23775709811322052 0.017988020678164497 0.01768760517284953
2 0.25505341129148623 0.23599836982083292 0.017915246071058634 0.01612510517284953
2 0.2901732739879333 0.23575667742182255 0.016352746071058633 0.016079641066226814
0 0.27220452398793327 0.23627951464798339 0.016352746071058633 0.016079641066226814
1 0.3042357739879333 0.2353475004622184 0.009321496071058633 0.015875052586424764
6 0.02134619127527559 0.31223557554767833 0.01791524607105857 0.01612510517284953
5 0.040877441275275594 0.3116672742148948 0.016352746071058567 0.016079641066226814
1 0.22834105397172264 0.3069928314201731 0.013227746071058633 0.01598871285298147
7 0.24400244127527557 0.3057569403539463 0.017915246071058634 0.01612510517284953
7 0.5143149412752756 0.2978916499082224 0.017915246071058634 0.01612510517284953
2 0.5315024412752756 0.29739154473537294 0.017915246071058634 0.01612510517284953
6 0.5490451980997012 0.4232720831360327 0.017988020678164317 0.01768760517284953
2 0.22349292638807938 0.5450922249936824 0.016352746071058633 0.016079641066226814
0 0.24068042638807938 0.5445921198208329 0.016352746071058633 0.016079641066226814
1 0.2563054263880794 0.544137478754606 0.009321496071058633 0.015875052586424587
3 0.27271167638807936 0.543660105635068 0.016425520678164496 0.017642141066226812