1 0.20297083457468457 0.1472517973521849 0.1174144400324213 0.14422949710451588
1 0.4030072218782375 0.15578569706173465 0.12039389081820957 0.14125004631872762
2 0.6053509718782374 0.16521000868194316 0.17531898531769166 0.16563577026387968
2 0.80435139805692 0.17917627108794 0.16334552419282106 0.15962121071058574
3 0.2044134024001461 0.31800094499482007 0.15900262655018596 0.15006427419282103
3 0.4066479904894873 0.3297690066150286 0.15086264081820958 0.1426691511572918
4 0.6006527016143578 0.33332430789615486 0.16592471463952715 0.14804800992479752
4 0.7911321524001462 0.3453278099630695 0.17430014081820958 0.14376077026387968
5 0.20273097022560763 0.48860454342324344 0.16312720037150355 0.15493371071058562
5 0.3933923575291606 0.496701795490158 0.16319997497860933 0.15649621071058561
6 0.5942463821362665 0.5044908325032608 0.16937720037150344 0.15522480913900924
6 0.7848713821362665 0.5133693345701753 0.16334552419282106 0.1596212107105858
7 0.19356352378304553 0.6518130188161376 0.17484595037150355 0.15547952026387968
7 0.3871315872652809 0.6647433200972639 0.17470040115729182 0.1523545202638797
8 0.5847150626581751 0.6755118078961548 0.15765845037150364 0.15467899958571518
8 0.7770117245688338 0.6821193345701754 0.15453345037150362 0.15453345037150346
9 0.17938109160850707 0.8218344203877141 0.1631272003715035 0.15493371071058562
9 0.3809435916085071 0.83122234470437 0.16290887655018596 0.1502462107105856
0 0.57160497891206 0.8393195967712845 0.16319997497860933 0.15649621071058561
0 0.7690065177871894 0.8539943345701755 0.16298165115729174 0.1518087107105856