1 0.2125010792623566 0.18955158016686774 0.11493668249628844 0.1415877137039529
1 0.40777263568479166 0.19900622455808673 0.11867915818602892 0.1386674315917773
2 0.6054288856847917 0.20936494968200034 0.17212838478028053 0.16250440128862395
2 0.8002057971501809 0.22424740049565445 0.16016397331489146 0.1572027476251508
3 0.23059706128367513 0.35644915309764624 0.15650670680654793 0.14688272331489136
3 0.42837614201636975 0.36915162822155984 0.14758540818602892 0.1401823439616777
4 0.6171520369734156 0.3735912239922598 0.1626748196514182 0.1456477719354103
4 0.8032533112836753 0.3864607954527003 0.1710229081860291 0.14141065128862396
5 0.24478679330499373 0.5231420081406004 0.1599183118495021 0.15251524762515078
5 0.43068334972742883 0.5321053296010408 0.16000019900463175 0.15407774762515097
6 0.627476462572299 0.5408606111473896 0.166949561849502 0.15288373982323478
6 0.8134139625722991 0.55060518260783 0.16016397331489146 0.15720274762515096
7 0.2515767831282284 0.6824351209854707 0.1716370618495021 0.15312940128862387
7 0.4408030574384879 0.6954684667561706 0.1714323439616777 0.14922315128862387
8 0.6346758881711826 0.7079662239922598 0.155230811849502 0.15226958615976152
8 0.8220121138609231 0.71466768260783 0.152105811849502 0.152105811849502
9 0.25482901514954703 0.8485547659425166 0.159918311849502 0.15251524762515062
9 0.450922765149547 0.8588316039113003 0.15963170680654795 0.14704649762515096
0 0.6376005715719821 0.8678358689493055 0.16000019900463175 0.1540777476251506
0 0.8308559266149362 0.8834176826078302 0.1597135939616777 0.14860899762515062