1 0.215625 0.18125 0.103125 0.1296875
1 0.4015625 0.18046875 0.10625 0.1265625
2 0.58984375 0.18046875 0.15625 0.146875
2 0.77578125 0.18515625 0.1453125 0.1421875
3 0.22421875 0.33984375 0.1421875 0.1328125
3 0.4125 0.3421875 0.134375 0.1265625
4 0.59296875 0.33671875 0.1484375 0.13125
4 0.7703125 0.33984375 0.15625 0.1265625
5 0.2296875 0.4984375 0.1453125 0.1375
5 0.40703125 0.49765625 0.1453125 0.1390625
6 0.59453125 0.49609375 0.1515625 0.1375
6 0.771875 0.49609375 0.1453125 0.1421875
7 0.228125 0.65078125 0.15625 0.1375
7 0.40859375 0.65390625 0.15625 0.134375
8 0.59296875 0.65546875 0.140625 0.1375
8 0.771875 0.653125 0.1375 0.1375
9 0.22265625 0.809375 0.1453125 0.1375
9 0.41015625 0.809375 0.1453125 0.1328125
0 0.5875 0.80859375 0.1453125 0.1390625
0 0.771875 0.81328125 0.1453125 0.134375