2 0.28769229547482605 0.2107566732973643 0.01669009288963732 0.0455715986200282
1 0.2720036284786317 0.20946690868686774 0.015127592889637321 0.045544325081077905
6 0.5025042119767289 0.20622531169169261 0.01669009288963732 0.0455715986200282
6 0.46034854547482607 0.20774294724335177 0.020469008897248564 0.04251478246740401
7 0.662692295474826 0.20421102394928276 0.018970175893442943 0.04405000892845372
2 0.6845354619767289 0.20304794440397797 0.015000258897248564 0.04241932508107791
7 0.5204729619767289 0.20591166599376365 0.018906508897248563 0.042487508928453724
4 0.6446917119767288 0.2037434196472116 0.01662642589344294 0.0440090986200282
3 0.3134417119767289 0.2095254099046837 0.018970175893442943 0.04405000892845372
2 0.48534854547482603 0.20730657062014632 0.01662642589344294 0.0440090986200282
2 0.8349798364638467 0.007643535717110246 0.01995967292769336 0.015287071434220492
2 0.8138860864638466 0.007834450489762626 0.021522172927693362 0.015668900979525252
7 0.20941862311578627 0.9759470710238881 0.020469008897248564 0.042514782467404186
2 0.2633248731157863 0.9750061339301013 0.020469008897248564 0.042514782467404186
1 0.14301237311578627 0.9771061964292777 0.015000258897248564 0.04241932508107808
1 0.19304420661388347 0.9770146931828666 0.013374091901054186 0.040829551542127265
3 0.2945748731157863 0.9744606631510946 0.022031508897248565 0.0425420560063543
5 0.3172311231157863 0.9740651968363145 0.022031508897248565 0.0425420560063543
5 0.16257545661388345 0.9775465271923984 0.020405341901054187 0.04095228246740419
1 0.2414180396176891 0.9746067134754061 0.01662642589344294 0.0440090986200282
7 0.11179420661388347 0.9784329172082844 0.020405341901054187 0.04095228246740419