2 0.30859375 0.240625 0.0140625 0.040625
1 0.29453125 0.2390625 0.0125 0.040625
6 0.50859375 0.240625 0.0140625 0.040625
6 0.46875 0.24140625 0.0171875 0.0390625
7 0.65625 0.240625 0.0171875 0.040625
2 0.6765625 0.240625 0.0140625 0.0390625
7 0.525 0.240625 0.0171875 0.0390625
4 0.6390625 0.240625 0.0140625 0.0390625
3 0.3328125 0.240625 0.0171875 0.040625
2 0.49296875 0.240625 0.0140625 0.040625
2 0.82421875 0.0484375 0.0171875 0.0453125
2 0.80546875 0.0484375 0.0203125 0.0453125
7 0.2078125 0.9515625 0.0171875 0.0453125
2 0.25859375 0.9515625 0.0171875 0.0484375
1 0.146875 0.9515625 0.0140625 0.0484375
1 0.19375 0.9515625 0.0125 0.04375
3 0.28828125 0.9515625 0.0203125 0.0484375
5 0.30859375 0.9515625 0.0203125 0.0484375
5 0.16484375 0.953125 0.0203125 0.0453125
1 0.2390625 0.94921875 0.0140625 0.0453125
7 0.11875 0.9515625 0.0171875 0.04375