2 0.309375 0.24140625 0.0140625 0.0421875
1 0.2953125 0.23984375 0.0125 0.0421875
6 0.50859375 0.240625 0.0140625 0.0421875
6 0.46953125 0.24140625 0.0171875 0.0390625
7 0.65625 0.24140625 0.015625 0.040625
2 0.6765625 0.240625 0.0125 0.0390625
7 0.525 0.240625 0.015625 0.0390625
4 0.63984375 0.240625 0.0140625 0.040625
3 0.33359375 0.240625 0.015625 0.040625
2 0.4921875 0.24140625 0.0140625 0.040625
2 0.82421875 0.04765625 0.0171875 0.0453125
2 0.8046875 0.04765625 0.01875 0.046875
7 0.20859375 0.95234375 0.0171875 0.046875
2 0.25859375 0.95234375 0.0171875 0.046875
1 0.146875 0.95234375 0.0125 0.0484375
1 0.19296875 0.95234375 0.0109375 0.04375
3 0.28828125 0.95234375 0.01875 0.046875
5 0.30859375 0.95234375 0.01875 0.0484375
5 0.16484375 0.953125 0.0171875 0.046875
1 0.2390625 0.95 0.0140625 0.046875
7 0.11875 0.9515625 0.0171875 0.04375