2 0.29360797390340226 0.21974698249198682 0.016474139434303935 0.04189732332097771
1 0.2796364791650741 0.21867555581296455 0.014911639434304024 0.04184275961864685
6 0.49673297390340226 0.21265370118897559 0.016474139434303935 0.04189732332097771
6 0.4560624712725663 0.2148536074495778 0.019508134172632197 0.04044395072563942
7 0.6467329739034022 0.2074155857652134 0.019599139434303935 0.042006450725639424
2 0.6678267239034023 0.2066789757837469 0.016383134172632197 0.04033482332097771
7 0.5139204739034022 0.21205350046333615 0.019508134172632197 0.04044395072563942
4 0.6295454739034023 0.2080157864908528 0.016383134172632197 0.04033482332097771
3 0.3186079739034023 0.21887396325469313 0.019599139434303935 0.042006450725639424
2 0.48110797390340226 0.21319933821228415 0.016474139434303935 0.04189732332097771
2 0.8292023816123834 0.014737667861402204 0.01987215521931951 0.02947533572280441
2 0.8096711316123834 0.015105972852135479 0.02299715521931951 0.030211945704270958
7 0.14921979301100802 0.9451959049946579 0.01987215521931951 0.04669395072563951
2 0.200782293011008 0.9433953028177395 0.020054165742663256 0.049818950725639154
1 0.08750104301100799 0.9473511712367266 0.016929165742663253 0.04970982332097762
1 0.135157293011008 0.9456869783156355 0.01509364995764768 0.04496775961864685
3 0.23125104301100802 0.9423313106222879 0.023179165742663255 0.04992807813030105
5 0.25156354301100803 0.9416219824919867 0.023179165742663255 0.0499280781303014
5 0.10537878774933614 0.9482861886599219 0.022997155219319554 0.046803078130301046
1 0.18138755090351577 0.9417335990968754 0.016747155219319555 0.04658482332097762
7 0.05859479301100799 0.9483605997298475 0.019781149957647702 0.04513145072563951