2 0.308766411126705 0.21099235814235037 0.01808161465389251 0.047329641066226814
1 0.29322329828183474 0.20988449920857719 0.016519114653892508 0.047284176959604095
6 0.5291198547042699 0.20380066910855232 0.01808161465389251 0.047329641066226814
6 0.486110161126705 0.20583218204067605 0.021001896766068208 0.043514319279472156
7 0.692360161126705 0.19983091996648214 0.01956222749876275 0.04581260517284953
2 0.7150573547042699 0.19839044042045328 0.016314396766068207 0.043377926959604095
7 0.5470886047042699 0.2032778318823915 0.019439396766068207 0.04346885517284953
4 0.6744323547042699 0.199572507192643 0.017999727498762753 0.04576714106622681
3 0.3353698547042699 0.20943821832976478 0.01956222749876275 0.04581260517284953
2 0.511110161126705 0.20510475633471317 0.017999727498762753 0.04576714106622681
2 0.8890248784487025 0.002815487959059593 0.020387743102595123 0.005630975918119186
2 0.8679311284487025 0.0031394197187461963 0.022731493102595125 0.006278839437492393
7 0.15667729364773733 0.9845555417658721 0.019732645861556986 0.019295569279472246
2 0.21214604364773731 0.9829415659807669 0.019732645861557076 0.019295569279472246
1 0.08792729364773731 0.9865559624572701 0.01504514586155703 0.019159176959604098
1 0.13944885007017244 0.9858368969387215 0.013400758706427273 0.017551212852981734
3 0.24417729364773733 0.9820095517950019 0.022076395861557074 0.019363765439406322
5 0.2660522936477373 0.9813730543022844 0.022076395861557074 0.019363765439406322
5 0.10819885007017245 0.9867461790711751 0.019650758706427275 0.01773306927947189
1 0.1887904308028671 0.9820610275801072 0.016771420171816497 0.022329641066226813
7 0.055855100070172435 0.9882692266430351 0.019650758706427275 0.017733069279472248