2 0.25939053086898023 0.2388356914298583 0.017136590343632997 0.04452792797373269
1 0.24462866802410996 0.23805111940359094 0.015574090343632996 0.04444604081860284
6 0.4757967808689802 0.22749432044438764 0.017136590343632997 0.044527927973732596
6 0.43278708729141535 0.23052746721045586 0.020960953188503238 0.043170145861557076
7 0.6351717808689802 0.21914183062115294 0.021042840343632997 0.04473264586155708
2 0.6570467808689802 0.21799541044933646 0.017054703188503238 0.042965427973732595
7 0.49376553086898023 0.22655261816039554 0.020960953188503238 0.043170145861557076
4 0.6164217808689803 0.22012447648271002 0.017054703188503238 0.042965427973732595
3 0.2859530308689802 0.2374436097926525 0.021042840343632997 0.04473264586155708
2 0.45860928086898023 0.22839507915081497 0.017136590343632997 0.044527927973732596
2 0.8280940225012372 0.013445087489657698 0.021329445386587053 0.026890174979315395
2 0.8077815225012372 0.01401829757556596 0.024454445386587052 0.02803659515113192