1 0.04595700650015273 0.8212392006683636 0.01130225593149905 0.028243178668045488
3 0.06236325650015273 0.8214301046705907 0.01449092292769345 0.029842041335136217
2 0.20611325650015272 0.8231027873567717 0.01605342292769345 0.029860222668681758
3 0.22248767300205552 0.8225124413589988 0.01605342292769345 0.029860222668681758
2 0.25214333950395834 0.8220766366963623 0.01605342292769345 0.029860222668681758
0 0.2685814230020555 0.8230487906985895 0.015989755931498983 0.028297722668681757
2 0.2858007565001527 0.8240300353675893 0.01605342292769336 0.029860222668681758
1 0.2990501730020555 0.8234033267027258 0.011206755437207505 0.02589942866804549
3 0.04326969969380125 0.9469295440006362 0.010648339923887829 0.03135908800127254
3 0.07764469969380124 0.947329533338636 0.01761592292769345 0.029878404002226945
3 0.2729571996938013 0.9496022000318167 0.01761592292769345 0.029878404002226945
0 0.05889469969380125 0.9471113573360908 0.01767958992388783 0.0314409040022273
6 0.25498844969380124 0.9493931146960441 0.01761592292769345 0.029878404002226945
1 0.5042390331918984 0.9530742873965427 0.012992089923887918 0.031386360001590674
4 0.5284577831918984 0.9533560980664969 0.01917842292769336 0.029896585335772486
0 0.5456134496938013 0.9527748427354968 0.017456755437207504 0.0259721540022273
9 0.5635821996938013 0.9529839280712693 0.017552255931499162 0.028315904002226944