1 0.0296875 0.82265625 0.009375 0.028125
1 0.04921875 0.82265625 0.009375 0.0265625
3 0.06484375 0.82265625 0.0125 0.028125
2 0.20234375 0.82265625 0.0140625 0.028125
3 0.21796875 0.821875 0.0140625 0.028125
2 0.246875 0.82109375 0.0140625 0.028125
0 0.2625 0.821875 0.0140625 0.0265625
2 0.27890625 0.82265625 0.0140625 0.028125
1 0.29140625 0.821875 0.009375 0.025
3 0.0390625 0.94296875 0.015625 0.0296875
3 0.075 0.94296875 0.015625 0.028125
3 0.26171875 0.94296875 0.015625 0.028125
0 0.05703125 0.94296875 0.015625 0.0296875
6 0.24453125 0.94296875 0.015625 0.028125
1 0.4828125 0.94375 0.0109375 0.0296875
4 0.50625 0.94375 0.0171875 0.028125
0 0.52265625 0.94296875 0.015625 0.025
9 0.53984375 0.94296875 0.015625 0.0265625