1 0.013052415590021852 0.8201830252147706 0.009879560470581288 0.029397572930778538
1 0.03336491559002185 0.8212475582314575 0.00985228693163095 0.027835072930778536
3 0.04977116559002185 0.8221073733603198 0.013785810470581295 0.029602290818602838
2 0.19117741559002185 0.8295181608995623 0.015348310470581295 0.029684177973732774
3 0.20759730235949703 0.8295967260284247 0.01534831047058125 0.029684177973732774
2 0.23729843912897222 0.8303713319758901 0.015348310470581338 0.029684177973732774
0 0.253691052359497 0.8320123971047526 0.01532103693163096 0.028121677973732773
2 0.27008366559002184 0.8336534622336149 0.015348310470581338 0.029684177973732774
1 0.28337855235949705 0.8335682530522177 0.009825013392680581 0.02627257293077854
3 0.020259169243469828 0.9448930981455492 0.016938084009531628 0.031328565128862354
3 0.05775916924346982 0.9468583898686631 0.016910810470581294 0.029766065128862353
3 0.2507279192434698 0.9569714535271876 0.01691081047058134 0.029766065128862353
0 0.039009169243469824 0.9458757440071063 0.016938084009531628 0.031328565128862354
6 0.2327591692434698 0.9560297512431954 0.01691081047058134 0.029766065128862353
1 0.47883928247399465 0.9697082281761314 0.011469334009531628 0.03104196008590847
4 0.5030580324739946 0.9709774790806425 0.018473310470581338 0.02984795228399193
0 0.5194779192434698 0.971056044209505 0.016856263392680582 0.02664106512886235
9 0.5374466692434698 0.971997746493497 0.01688353693163087 0.02820356512886235