1 0.240625 0.1734375 0.0140625 0.0359375
0 0.26328125 0.1734375 0.021875 0.0359375
1 0.025 0.42890625 0.0078125 0.021875
1 0.21484375 0.42890625 0.009375 0.025
1 0.228125 0.42890625 0.009375 0.0265625
1 0.3015625 0.43125 0.009375 0.0296875
1 0.41796875 0.42890625 0.009375 0.025
1 0.478125 0.42890625 0.009375 0.025
0 0.040625 0.42890625 0.0125 0.025
0 0.06484375 0.42890625 0.0140625 0.025
2 0.08046875 0.42890625 0.0140625 0.025
2 0.25625 0.42890625 0.0140625 0.025
2 0.28828125 0.42890625 0.0125 0.025
2 0.20546875 0.53828125 0.0140625 0.0234375
0 0.27265625 0.42890625 0.0140625 0.025
8 0.4328125 0.42890625 0.0140625 0.025
3 0.4484375 0.42890625 0.0140625 0.025
3 0.49296875 0.42890625 0.0140625 0.025
3 0.44921875 0.53984375 0.0140625 0.0234375
9 0.46484375 0.42890625 0.0140625 0.025
9 0.50859375 0.42890625 0.0125 0.025
9 0.0359375 0.53984375 0.0140625 0.0234375
5 0.5265625 0.42890625 0.0125 0.025
5 0.4328125 0.53984375 0.0140625 0.0234375
1 0.7328125 0.74375 0.009375 0.025
1 0.74375 0.74296875 0.0125 0.0234375