1 0.22511158348777868 0.18385667794496668 0.016071433302444225 0.03567460517214309
0 0.24854908348777868 0.1846751334799295 0.02399306070710594 0.039072423683797416
1 0.19008178594269864 0.4478001268565075 0.010329864790789945 0.027671132213984963
1 0.20336303594269864 0.44826391832631973 0.0119469284931208 0.029288195916316085
1 0.27908972224036777 0.4524727578893663 0.0103844284931208 0.029233632213985138
1 0.3987028177938641 0.4543031311176768 0.011783237386128232 0.024600695916315907
1 0.46117553594269867 0.45726692921091106 0.010329864790790034 0.02767113221398514
0 0.010394285942698655 0.4415253010884591 0.015689487386128263 0.024737105172143004
0 0.034613035942698656 0.4423710384745874 0.013400301088459122 0.026217759618646853
2 0.05101928594269865 0.44294395734906133 0.01345486479078999 0.02778025961864685
2 0.23229656779386412 0.4484920968194407 0.01568948738612832 0.024737105172143004
2 0.26508178594269866 0.4504191845683886 0.013400301088459087 0.026217759618646853
2 0.17677819937487702 0.5599727446425223 0.017361114790789944 0.027916668874474127
0 0.24945678594269866 0.44987354754508 0.01574405108845909 0.026299605172143005
8 0.41351928594269866 0.4556027362898199 0.01574405108845909 0.026299605172143005
3 0.43073406779386403 0.4554216870154594 0.015798614790789856 0.027862105172143003
3 0.476046567793864 0.45700403438305415 0.01568948738612832 0.02473710517214318
3 0.427559449374877 0.5687302188666248 0.017361114790789854 0.02791666887447395
9 0.44711303594269863 0.45677585588993336 0.017361114790790035 0.02791666887447395
9 0.49164428594269866 0.4583309214063627 0.01574405108845909 0.026299605172143182
9 0.005215737459553298 0.5546428599814666 0.010431474919106596 0.027916668874474127
5 0.509640317793864 0.4581771539831676 0.013400301088459087 0.026217759618646853
5 0.4103173856725462 0.5696925181409853 0.015798614790789856 0.02786210517214318
1 0.711626881411377 0.7890625993513293 0.01178323738612832 0.024600695916316084
1 0.7225916632625424 0.7886632952676453 0.011837801088459088 0.026163195916316086