1 0.2515993823171656 0.13040644711080016 0.01505737343837108 0.037323586463846724
0 0.2758181323171656 0.1294196086697871 0.0236693041565303 0.04079875494291585
1 0.02505610479701908 0.41157682855518135 0.008739195745273886 0.02535016847906917
1 0.2266231499765589 0.4041450360461048 0.010319876463433176 0.028538835475263546
1 0.23990439997655894 0.4036038665784525 0.011891466822512697 0.030165002471457925
1 0.3180430355151783 0.40276426676873295 0.010328966822512697 0.030101335475263547
1 0.44146235479701906 0.394609574069376 0.011864195745273953 0.025477502471457924
1 0.5063106499765588 0.3927486437273087 0.010319876463433176 0.028538835475263546
0 0.040685649976558894 0.41172140859323747 0.014989195745273886 0.025604836463846682
0 0.06568564997655889 0.41070273665412715 0.013435786104353498 0.027103669467652303
2 0.08287314997655888 0.41000239969598884 0.01344487646343313 0.028666169467652304
2 0.26958735479701906 0.40161294365075906 0.014989195745273864 0.025604836463846682
2 0.3039668999765589 0.40099351973448244 0.013435786104353475 0.027103669467652303
2 0.21714413172799044 0.5209651215213684 0.016569876463433175 0.028793503460041236
0 0.2875606499765589 0.4016620231945236 0.014998286104353475 0.02716733646384668
8 0.4578731499765588 0.3947223206093349 0.014998286104353654 0.02716733646384668
3 0.4750561047970191 0.3932407336511966 0.015007376463433175 0.028729836463846768
3 0.521149854797019 0.39136255726346203 0.014989195745273954 0.025604836463846682
3 0.4765191317279903 0.5103964001530994 0.016569876463433175 0.028793503460041236
9 0.49146689997655885 0.39335348019115546 0.016569876463433175 0.02879350346004106
9 0.5383418999765588 0.39144347030532367 0.014998286104353654 0.02716733646384668
9 0.03667992690753022 0.5290999095818206 0.01656987646343312 0.028793503460041236
5 0.556306104797019 0.38993004984908824 0.013435786104353475 0.027103669467652303
5 0.45934072208707005 0.5126592371112377 0.015007376463433175 0.02872983646384668
1 0.778568486819597 0.716109253385679 0.011864195745273776 0.025477502471457924
1 0.7902826916400573 0.7148505009142211 0.011873286104353476 0.027040002471457925