1 0.21744224960428857 0.16009179573098153 0.015912156505632956 0.03723710517214314
0 0.24087974960428857 0.16091025126594435 0.023724656505632956 0.03750992368379742
1 0.18321904763836683 0.422445462791357 0.010125157759274205 0.02610863221398514
1 0.19728154763836683 0.42293653611233467 0.010170621865896923 0.02767113221398514
1 0.2722133514784328 0.4278993438242158 0.010261550079142267 0.03079613221398514
1 0.3925940476383668 0.4297569989036917 0.010125157759274295 0.02610863221398514
1 0.45431279763836685 0.4319122651457604 0.010125157759274295 0.02610863221398514
0 0.0054689382590019705 0.41619791887447394 0.010937876518003941 0.026217759618646853
0 0.028531547638366822 0.41704365626060225 0.01559390775927424 0.026299605172143182
2 0.04493779763836682 0.4176165751350762 0.01559390775927424 0.026299605172143005
2 0.22618779763836683 0.4239459646054556 0.015593907759274295 0.026299605172143005
2 0.25900029763836685 0.42509180235440347 0.013250157759274295 0.026217759618646853
2 0.1705706319615338 0.5346180805773718 0.015548443652651577 0.02473710517214318
0 0.24259404763836684 0.4245188834799295 0.015593907759274295 0.026299605172143005
8 0.40743779763836685 0.4302753540758347 0.015593907759274295 0.026299605172143005
3 0.4238440476383668 0.4308482729503088 0.015593907759274295 0.026299605172143182
3 0.46915654763836684 0.43243062031790364 0.015593907759274295 0.026299605172143005
3 0.4213064178549111 0.5449380548014743 0.015548443652651577 0.024737105172143004
9 0.4402502976383668 0.43142119182478283 0.015593907759274295 0.026299605172143005
9 0.48556279763836685 0.43300353919237755 0.013250157759274295 0.026217759618646853
9 0.001649694840618439 0.530069445916316 0.003299389681236878 0.02473710517214318
5 0.5043127976383668 0.43365830362034785 0.013250157759274295 0.026217759618646853
5 0.40411891785491105 0.5443378540758348 0.015548443652651577 0.024737105172143004
1 0.7065977455141604 0.7652704352861788 0.010125157759274117 0.02610863221398496
1 0.7183392275674718 0.7648984130536602 0.013204693652651579 0.02465525961864685