1 0.2008202304327084 0.14399137501859052 0.0157347559839236 0.038886086463846725
0 0.22582023043270844 0.14501004695770078 0.0243285059839236 0.03923625494291585
1 0.1798589926848962 0.4170959525851886 0.010774499050069464 0.026976335475263548
1 0.19392149268489617 0.4176689555509382 0.010829050436840326 0.029320085475263546
1 0.272882294071667 0.42322788885875495 0.010901785619201475 0.03244508547526355
1 0.3978277426848962 0.4259774985543062 0.010774499050069507 0.026976335475263548
1 0.46267149268489616 0.42861967889637353 0.010774499050069507 0.026976335475263548
0 0.018921492684896176 0.41053825197716637 0.01546199905006947 0.02716733646384668
2 0.03532774268489618 0.4112067554372075 0.015461999050069463 0.02716733646384668
2 0.22439024268489619 0.4189104619767289 0.015461999050069508 0.02716733646384668
2 0.2587652426848962 0.42031113589300545 0.013899499050069508 0.027103669467652303
2 0.17243031202343792 0.5338696171099251 0.015425631458888932 0.025604836463846682
0 0.24157774268489618 0.4196107989348672 0.015461999050069508 0.02716733646384668
8 0.4142339926848962 0.4266460020143474 0.015461999050069508 0.02716733646384668
3 0.4306402426848962 0.42731450547438854 0.015461999050069508 0.02716733646384668
3 0.47829649268489616 0.4292563488583174 0.015461999050069508 0.02716733646384668
3 0.4342036134102088 0.5468775889724856 0.015425631458888844 0.025604836463846682
9 0.4486089926848962 0.42804667593062395 0.015461999050069508 0.02716733646384668
9 0.4954839926848962 0.42995668581645574 0.013899499050069508 0.027103669467652303
5 0.5142339926848962 0.4307206897707885 0.013899499050069508 0.027103669467652303
5 0.4170161134102088 0.5461772520143474 0.015425631458888844 0.025604836463846682
1 0.7439825761754868 0.778042653230392 0.010774499050069507 0.026976335475263548
1 0.7556831423798964 0.77773890570185 0.013863131458888844 0.0255411694676523