9 0.03951873372555866 0.3175050998378442 0.016389003954332692 0.019022735389503432
5 0.06608123372555867 0.3170414496756885 0.014045253954332714 0.01898182508107791
8 0.08248748372555867 0.3167550775167099 0.017951503954332714 0.01905000892845372
1 0.21842498372555866 0.31438227962803034 0.010983920950527092 0.02048977800317715
3 0.23251931722365587 0.3149180677774773 0.017951503954332714 0.01905000892845372
2 0.2645187337255587 0.3135777102289953 0.016389003954332716 0.019022735389503432
2 0.2988937337255587 0.31297769237208783 0.017951503954332714 0.01905000892845372
0 0.2809249837255587 0.3132913380700167 0.016389003954332716 0.019022735389503432
0 0.3152999837255587 0.31269132021310925 0.016389003954332716 0.019022735389503432
4 0.04995616802195861 0.4009761189125677 0.019577670950527093 0.02063978246740401
1 0.0671755015200558 0.4014573599841139 0.012546420950527094 0.02051705154212762
2 0.24761241802195863 0.3975260162353497 0.01801517095052709 0.020612508928453722
1 0.26245616802195865 0.39726691761532146 0.012546420950527094 0.02051705154212762
5 0.5031130015200558 0.3938480426169691 0.01801517095052709 0.020612508928453722
8 0.521894835018153 0.394302010149565 0.019577670950527093 0.0206397824674041
8 0.5398317515200558 0.39320711445163614 0.01801517095052709 0.020612508928453722
1 0.6087939516337866 0.5507099228936225 0.009421420950527093 0.02046250446422686
3 0.6236377016337865 0.5504508242735943 0.016452670950527094 0.02058523538950343
2 0.6556371181356894 0.5491104667251123 0.016452670950527094 0.020585235389503253
2 0.6892627016337866 0.54930533563768 0.01801517095052709 0.020612508928453722
0 0.6728246181356894 0.5488104577966586 0.016389003954332716 0.019022735389503432
0 0.7064502016337866 0.5490053267092263 0.016389003954332716 0.019022735389503432
2 0.16396822437119957 0.6663635653418453 0.016452670950527094 0.020585235389503253
0 0.18037447437119955 0.6660771931828666 0.016452670950527094 0.020585235389503253
1 0.19521822437119957 0.6658180945628385 0.010983920950527092 0.02048977800317715
5 0.21006197437119956 0.6655589959428102 0.016452670950527094 0.02058523538950343
1 0.1621165642950874 0.6976681124197459 0.009357753954332715 0.01890000446422686
0 0.17777339779318457 0.6981766270302425 0.016452670950527094 0.02058523538950343
1 0.21968632516950232 0.7482624017870089 0.009294086958138336 0.017337504464226862
2 0.7142175751695022 0.7396303267092262 0.013981586958138337 0.017419325081077908
2 0.7282800751695022 0.7393848648586732 0.013981586958138337 0.017419325081077908
1 0.6194581734963471 0.8124286728936226 0.009421420950527093 0.020462504464227038
3 0.6342700899982499 0.8113883242735943 0.01801517095052709 0.020612508928453722
2 0.6655200899982499 0.8108428534945876 0.014108920950527093 0.020544325081078084
2 0.6998632565001527 0.80946158563768 0.014108920950527093 0.020544325081078084
0 0.6834888399982499 0.8105292077966585 0.016452670950527094 0.020585235389503253
0 0.7170825899982499 0.8099428267092262 0.01801517095052709 0.020612508928453722
5 0.6168226048269976 0.8820553802799488 0.014108920950527093 0.020544325081078084
1 0.22973112311578628 0.9755925150175336 0.009294086958138336 0.01733750446422704
2 0.721886789617689 0.9662201002481765 0.013981586958138337 0.017419325081078085
8 0.7383248731157863 0.9667149780891979 0.014045253954332537 0.018981825081078086