9 0.043223439137837896 0.3544445762942418 0.015063557878390333 0.018006547355046632
5 0.06900468913783789 0.3559461631118273 0.013501057878390333 0.017915542093374804
8 0.08384843913783788 0.3568107130977099 0.016626057878390332 0.01809755261671846
1 0.21119218913783788 0.3642276419239656 0.010467063140062205 0.019296031570031145
3 0.22451894176867385 0.3657824366481763 0.016626057878390377 0.01809755261671846
2 0.2549421891378379 0.36677578925077736 0.015063557878390376 0.01800654735504672
2 0.2861921891378379 0.36859589448421437 0.016626057878390377 0.01809755261671846
0 0.2697859391378379 0.36764033923665995 0.015063557878390376 0.018006547355046632
0 0.3025984391378379 0.3695514497317688 0.015063557878390376 0.018006547355046632
4 0.055631704852266275 0.43380585260260107 0.018279563140062204 0.019751057878390377
1 0.07130220748310219 0.43549715521931953 0.012029563140062205 0.019387036831702887
2 0.24000670485226627 0.44454447347987924 0.016717063140062206 0.01966005261671846
1 0.25406920485226625 0.4453635208349259 0.012029563140062205 0.019387036831702887
5 0.4791147074831022 0.4592495285156722 0.016717063140062115 0.01966005261671846
8 0.4963477101139381 0.4610318363940625 0.018279563140062294 0.0197510578783902
8 0.5142709574831021 0.4612971469032887 0.016717063140062115 0.01966005261671846
1 0.5807289573419279 0.6131018415851471 0.008904563140062294 0.01920502630835923
3 0.594791457341928 0.6139208889401939 0.015154563140062294 0.01956904735504672
2 0.6252147047110919 0.614914241542795 0.015154563140062294 0.01956904735504672
2 0.6557289573419279 0.617470094145396 0.016717063140062292 0.01966005261671846
0 0.640839704711092 0.6158242941595133 0.015063557878390376 0.01800654735504672
0 0.672916457341928 0.6184711520237863 0.015063557878390199 0.01800654735504672
2 0.1662862967197621 0.6894026761954197 0.015154563140062204 0.01956904735504672
0 0.1819112967197621 0.6903127288121382 0.015154563140062204 0.01956904735504672
1 0.1951925467197621 0.691086273536349 0.010467063140062205 0.019296031570031145
5 0.2092550467197621 0.6919053208913957 0.015154563140062204 0.01956904735504672
1 0.16484489406069133 0.7181269156720761 0.008813557878390377 0.017642526308359406
0 0.17973414669152726 0.7197727156579588 0.015154563140062204 0.01956904735504672
1 0.22000980717251864 0.769613091938083 0.008722552616718459 0.01608002630835923
2 0.6832910571725186 0.7965961520237863 0.01341005261671846 0.016353042093374803
2 0.6957910571725187 0.797324194117161 0.01341005261671846 0.016353042093374803
1 0.5950167834244082 0.8584143415851472 0.008904563140062294 0.019205026308359407
3 0.6090337807935722 0.8584521389401939 0.016717063140062292 0.01966005261671846
2 0.6387212807935722 0.8601812389119591 0.013592063140062293 0.019478042093374625
2 0.6698802755319004 0.860438844145396 0.013592063140062293 0.019478042093374625
0 0.6551275307935722 0.8611367941595134 0.015154563140062294 0.01956904735504672
0 0.6871587807935722 0.8630024020237862 0.016717063140062292 0.019660052616718816
5 0.5941060017837898 0.9229850758001316 0.013592063140062293 0.019478042093374625
1 0.23316777275989012 0.982158594568919 0.008722552616718459 0.016080026308359408