9 0.03046875 0.35703125 0.0140625 0.0171875
5 0.05546875 0.35703125 0.0125 0.0171875
8 0.0703125 0.35703125 0.015625 0.0171875
1 0.1953125 0.35703125 0.009375 0.01875
3 0.20859375 0.3578125 0.015625 0.0171875
2 0.23828125 0.35703125 0.0140625 0.0171875
2 0.26953125 0.35703125 0.015625 0.0171875
0 0.253125 0.35703125 0.0140625 0.0171875
0 0.28515625 0.35703125 0.0140625 0.0171875
4 0.0375 0.434375 0.0171875 0.01875
1 0.053125 0.43515625 0.0109375 0.01875
2 0.21953125 0.434375 0.015625 0.01875
1 0.2328125 0.434375 0.0109375 0.01875
5 0.4546875 0.43515625 0.015625 0.01875
8 0.471875 0.4359375 0.0171875 0.01875
8 0.4890625 0.43515625 0.015625 0.01875
1 0.54609375 0.58125 0.0078125 0.01875
3 0.56015625 0.58125 0.0140625 0.01875
2 0.58984375 0.58046875 0.0140625 0.01875
2 0.6203125 0.58125 0.015625 0.01875
0 0.60546875 0.58046875 0.0140625 0.0171875
0 0.63671875 0.58125 0.0140625 0.0171875
2 0.13203125 0.68046875 0.0140625 0.01875
0 0.14765625 0.68046875 0.0140625 0.01875
1 0.1609375 0.68046875 0.009375 0.01875
5 0.175 0.68046875 0.0140625 0.01875
1 0.1296875 0.709375 0.0078125 0.0171875
0 0.14375 0.71015625 0.0140625 0.01875
1 0.18046875 0.75703125 0.0078125 0.015625
2 0.63671875 0.75703125 0.0125 0.015625
2 0.64921875 0.75703125 0.0125 0.015625
1 0.54609375 0.82265625 0.0078125 0.01875
3 0.56015625 0.821875 0.015625 0.01875
2 0.5890625 0.821875 0.0125 0.01875
2 0.6203125 0.82109375 0.0125 0.01875
0 0.60546875 0.821875 0.0140625 0.01875
0 0.63671875 0.821875 0.015625 0.01875
5 0.54140625 0.88671875 0.0125 0.01875
1 0.18125 0.96640625 0.0078125 0.015625
2 0.63515625 0.965625 0.0125 0.015625
8 0.65 0.96640625 0.0125 0.0171875