2 0.2196951085494571 0.5585605523949082 0.013318871551297563 0.016134335969555203
2 0.017361324628259168 0.594942426882026 0.014881371551297517 0.01619800296574958
0 0.23453885854945708 0.5591653888587549 0.014881371551297562 0.01619800296574958
1 0.24860135854945709 0.5597383918245045 0.008631371551297562 0.015943334980972067
7 0.26266385854945706 0.560311394790254 0.014963258706427318 0.017760502965749582
9 0.034548824628259166 0.5956427638401645 0.016443871551297517 0.01626166996194378
3 0.052517574628259164 0.5963749342964 0.018088258706427274 0.017887836958138337
4 0.22673632462825913 0.6034738043720747 0.016443871551297562 0.016261669961943958
6 0.24470507462825913 0.6042059748283102 0.016443871551297562 0.01626166996194378
9 0.2618925746282591 0.6049063117864485 0.014881371551297562 0.01619800296574958
5 0.2868925746282591 0.6059249837255587 0.014881371551297562 0.01619800296574958
2 0.6472624293325291 0.8406089788198239 0.01496325870642714 0.017760502965749582
2 0.6933561793325291 0.8424871552075583 0.014881371551297562 0.016198002965749227
5 0.663668679332529 0.841277482279865 0.013400758706427141 0.017696835969555024
0 0.7089811793325291 0.8431238251695022 0.014881371551297562 0.01619800296574958
1 0.7230436793325291 0.8436968281352518 0.008631371551297562 0.015943334980972067
7 0.7363249293325291 0.8442379976029042 0.01496325870642714 0.017760502965749582
2 0.13043902024198897 0.9769166215585494 0.01167448439616776 0.014508168973360824
1 0.1475855766644241 0.9783982085166876 0.008549484396167761 0.014380834980971712
3 0.35852307666442407 0.9869932530029306 0.013236984396167805 0.014571835969555025
4 0.3796168266644241 0.9878527574515548 0.013236984396167805 0.014571835969555025
8 0.5921168266644241 0.9942221504746073 0.013318871551297563 0.011555699050785507
4 0.6116480766644241 0.9950106942008222 0.013236984396167805 0.009978611598355513