2 0.22750488567254618 0.5417493294894993 0.013045637023308566 0.01628009724103805
2 0.025949820156116788 0.5967621353461074 0.014608137023308565 0.01636198439616763
0 0.24234863567254616 0.5409714015157665 0.014608137023308565 0.016361984396167806
1 0.25641113567254614 0.5402344171195989 0.008358137023308565 0.016034435775648604
7 0.2704736356725462 0.539497432723431 0.01466270072563942 0.017924484396167804
1 0.0037363193338855343 0.5979904426730538 0.007472638667771069 0.016116322930778536
9 0.043137320156116786 0.5958613766396802 0.016170637023308565 0.016443871551297562
3 0.0611060701561168 0.594919674355688 0.01778770072563942 0.018088258706427142
4 0.2353248201561168 0.5857892565587207 0.016170637023308565 0.016443871551297562
6 0.2525123201561168 0.5848884978522934 0.016170637023308565 0.016443871551297562
9 0.2704810701561168 0.5839467955683013 0.014608137023308565 0.016361984396167806
5 0.2954810701561168 0.5826366010862253 0.014608137023308565 0.016361984396167806
2 0.6596898699786315 0.7826787081653442 0.014662700725639332 0.017924484396167627
2 0.7057836199786316 0.7802630370890167 0.014608137023308565 0.016361984396167806
5 0.6760961199786315 0.7818188930364819 0.013100200725639333 0.01784259724103805
0 0.7214086199786316 0.7794441655377191 0.014608137023308565 0.01636198439616763
1 0.7354711199786316 0.7787071811415514 0.008358137023308565 0.01603443577564878
7 0.7487523699786316 0.7780111403229484 0.014662700725639332 0.017924484396167804
2 0.1455851860432151 0.9671454771600786 0.011428573320977709 0.014635710085908471
1 0.1627454041920497 0.9670259684536514 0.008303573320977708 0.014471935775648603
3 0.37368290419204964 0.9559712025111347 0.01299107332097762 0.01471759724103805
4 0.3947766541920497 0.9548657259168831 0.012991073320977709 0.01471759724103805
8 0.6072766541920497 0.9437290728192369 0.013045637023308566 0.01628009724103805
4 0.6268079041920498 0.942705483380115 0.01299107332097762 0.01471759724103805