2 0.24765625 0.55078125 0.0125 0.015625
2 0.05078125 0.59453125 0.0140625 0.015625
0 0.2625 0.55078125 0.0140625 0.015625
1 0.27578125 0.55078125 0.0078125 0.015625
7 0.28984375 0.55078125 0.0140625 0.0171875
1 0.028125 0.59453125 0.009375 0.015625
9 0.06796875 0.59453125 0.015625 0.015625
3 0.08515625 0.59453125 0.0171875 0.0171875
4 0.25703125 0.59453125 0.015625 0.015625
6 0.27421875 0.59453125 0.015625 0.015625
9 0.29140625 0.59453125 0.0140625 0.015625
5 0.31640625 0.59453125 0.0140625 0.015625
2 0.68203125 0.8109375 0.0140625 0.0171875
2 0.72734375 0.8109375 0.0140625 0.015625
5 0.6984375 0.8109375 0.0125 0.0171875
0 0.74296875 0.8109375 0.0140625 0.015625
1 0.75703125 0.8109375 0.0078125 0.015625
7 0.76953125 0.8109375 0.0140625 0.0171875
2 0.18125 0.965625 0.0109375 0.0140625
1 0.1984375 0.96640625 0.0078125 0.0140625
3 0.40625 0.96640625 0.0125 0.0140625
4 0.4265625 0.96640625 0.0125 0.0140625
8 0.6359375 0.96640625 0.0125 0.015625
4 0.65546875 0.96640625 0.0125 0.0140625