9 0.011828747097006126 0.12992311297669143 0.016883623119538154 0.016979168874473993
3 0.03682874709700613 0.12905009373939774 0.013713159012915466 0.01530754146981228
7 0.05169522915031747 0.12775048856725463 0.013713159012915477 0.01530754146981228
6 0.20169522915031748 0.12251237314349246 0.016838159012915455 0.015416668874473993
2 0.23294522915031748 0.12142109909687533 0.013713159012915454 0.015307541469812235
2 0.2657577291503175 0.12027526134792736 0.015275659012915454 0.015362105172143137
2 0.6843616619824163 0.2984299661651 0.013713159012915454 0.015307541469812235
2 0.7171741619824163 0.2972841284161521 0.013758623119538172 0.016870041469812237
2 0.6754279650310595 0.6054612161651001 0.013758623119538172 0.016870041469812237
2 0.7082177329777481 0.605096628416152 0.013713159012915454 0.015307541469812235
2 0.7415781507661523 0.6655876951137077 0.013758623119538172 0.016870041469812237
2 0.7743906507661522 0.6644418573647599 0.013758623119538172 0.016870041469812237
2 0.6685401528777233 0.8421799661651 0.015321123119538172 0.016924605172143004
2 0.7013526528777233 0.841034128416152 0.013758623119538172 0.016870041469812237
2 0.7346676065595047 0.9030876951137078 0.015275659012915454 0.015362105172143004
2 0.766721588612816 0.9011878892159253 0.013758623119538172 0.016870041469812237
0 0.24935147915031747 0.12084818022240136 0.015275659012915454 0.015362105172143137
0 0.2821639791503175 0.11970234247345339 0.015275659012915454 0.015362105172143092
0 0.6999866619824163 0.29788432914179147 0.015275659012915454 0.015362105172143092
0 0.7327991619824163 0.29673849139284353 0.015275659012915454 0.01536210517214318
0 0.6918342150310595 0.604888297290626 0.013713159012915454 0.015307541469812235
0 0.7254279650310596 0.6037151776905126 0.013758623119538172 0.016870041469812237
0 0.7579844007661523 0.6650147762392338 0.013758623119538172 0.016870041469812237
0 0.7900156507661522 0.6638962203414513 0.015321123119538172 0.016924605172143004
0 0.6849464028777233 0.841607047290626 0.015321123119538172 0.016924605172143004
0 0.7169776528777233 0.8404884913928434 0.015321123119538172 0.016924605172143004
0 0.7503153386128161 0.9017608080903994 0.015321123119538172 0.016924605172143004
0 0.7831278386128161 0.9006149703414511 0.015321123119538172 0.016924605172143004
1 0.01458402256554218 0.19616567186969885 0.010633623119538149 0.016760914065150612
1 0.2317715225655422 0.18858131724570992 0.01219612311953817 0.016815477767481424
6 0.6531116619824163 0.2995212402117171 0.013713159012915454 0.015307541469812235
1 0.15677490492278737 0.5665996790412751 0.008980194906292783 0.013581350362819756
1 0.6372436549227875 0.5498213405745368 0.010542694906292737 0.0136359140651507
1 0.6303785748227625 0.7857588405745368 0.008980194906292737 0.013581350362819577
1 0.14988709276945117 0.803318429041275 0.008980194906292783 0.013581350362819577
6 0.6433967150310596 0.6065797720628826 0.013713159012915454 0.015307541469812235
6 0.7095241687128409 0.6674875010114902 0.016838159012915455 0.015416668874474126
6 0.6365089028777233 0.8432985220628826 0.013713159012915454 0.015307541469812235
6 0.7026590886128161 0.9034250010114903 0.015275659012915454 0.015362105172143004