9 0.016292099630657652 0.15480700870642727 0.01650169877033598 0.017266065128862397
3 0.04129209963065765 0.1561172031885033 0.01336760841125637 0.015539790818602883
7 0.05535914481019746 0.15607293758467106 0.01336760841125637 0.015539790818602883
6 0.20457789481019745 0.16389316089956235 0.016492608411256347 0.015703565128862396
2 0.23582789481019745 0.1655309040021574 0.013367608411256348 0.015539790818602928
2 0.26864039481019747 0.16725053425988218 0.01493010841125635 0.015621677973732684
2 0.6886160306434045 0.38150662256735035 0.013367608411256348 0.015539790818602928
2 0.7214285306434045 0.3832262528250751 0.013376698770336048 0.017102290818602928
2 0.686843410622879 0.6861941225673502 0.013376698770336048 0.017102290818602837
2 0.7196513654433392 0.6886950028250751 0.013367608411256348 0.01553979081860284
2 0.7536672962596944 0.7522152702379297 0.013376698770336048 0.017102290818602837
2 0.7864797962596943 0.7539349004956545 0.013376698770336048 0.017102290818602837
2 0.6854753115813965 0.9213503725673504 0.01493919877033605 0.017184177973732773
2 0.7182878115813965 0.9230700028250751 0.013376698770336048 0.017102290818602837
2 0.7522946520386721 0.9881527702379298 0.01493010841125635 0.015621677973732772
2 0.7843304472182119 0.9890502069180895 0.013376698770336048 0.017102290818602837
0 0.25223414481019746 0.1663907191310198 0.01493010841125635 0.015621677973732684
0 0.2850466448101975 0.16811034938874458 0.01493010841125635 0.01562167797373264
0 0.7042410306434045 0.38232549411864786 0.01493010841125635 0.015621677973732595
0 0.7370535306434045 0.3840451243763726 0.01493010841125635 0.015621677973732595
0 0.703249660622879 0.6870539376962127 0.013367608411256527 0.01553979081860284
0 0.736062160622879 0.6887735679539375 0.013376698770336048 0.017102290818602837
0 0.7700735462596944 0.753075085366792 0.013376698770336048 0.017102290818602837
0 0.8021047962596943 0.7547537720469519 0.01493919877033605 0.017184177973732596
0 0.7018815615813965 0.9222101876962128 0.01493919877033605 0.017184177973732773
0 0.7339128115813965 0.9238888743763727 0.01493919877033605 0.017184177973732773
0 0.7679241972182119 0.9881903917892272 0.01493919877033605 0.017184177973732773
0 0.800736697218212 0.9899100220469521 0.01493919877033605 0.017184177973732773
1 0.0205932593697739 0.2214589201718165 0.010251698770335988 0.016938516508343326
1 0.23621825936977386 0.23275934757972233 0.011814198770336048 0.017020403663473082
6 0.6581472806434044 0.3799098230423201 0.013367608411256348 0.01553979081860284
1 0.16998316354974524 0.6028394742194024 0.007889768052176737 0.013690685775648604
1 0.6481081635497453 0.6278969436891065 0.010233518052176649 0.013813516508343327
1 0.6467446096878027 0.8622719436891064 0.007889768052176649 0.013690685775648604
1 0.16861506450826277 0.8379957242194024 0.007889768052176737 0.013690685775648604
6 0.655593410622879 0.6845563794647553 0.013367608411256527 0.01553979081860284
6 0.7224127510801546 0.7513587771353347 0.016492608411256347 0.01570356512886235
6 0.6542253115813965 0.9197126294647553 0.013367608411256527 0.01553979081860284
6 0.7210491972182119 0.9857337771353347 0.014930108411256526 0.015621677973732772