9 0.03046875 0.15 0.015625 0.015625
3 0.05390625 0.15 0.0125 0.0140625
7 0.06796875 0.14921875 0.0125 0.0140625
6 0.21015625 0.14921875 0.015625 0.0140625
2 0.23984375 0.14921875 0.0125 0.0140625
2 0.27109375 0.14921875 0.0140625 0.0140625
2 0.67265625 0.33203125 0.0125 0.0140625
2 0.70390625 0.33203125 0.0125 0.015625
2 0.67265625 0.62265625 0.0125 0.015625
2 0.70390625 0.6234375 0.0125 0.0140625
2 0.73671875 0.68203125 0.0125 0.015625
2 0.76796875 0.68203125 0.0125 0.015625
2 0.67265625 0.846875 0.0140625 0.015625
2 0.70390625 0.846875 0.0125 0.015625
2 0.73671875 0.90703125 0.0140625 0.0140625
2 0.7671875 0.90625 0.0125 0.015625
0 0.25546875 0.14921875 0.0140625 0.0140625
0 0.28671875 0.14921875 0.0140625 0.0140625
0 0.6875 0.33203125 0.0140625 0.0140625
0 0.71875 0.33203125 0.0140625 0.0140625
0 0.68828125 0.62265625 0.0125 0.0140625
0 0.71953125 0.62265625 0.0125 0.015625
0 0.75234375 0.68203125 0.0125 0.015625
0 0.7828125 0.68203125 0.0140625 0.015625
0 0.68828125 0.846875 0.0140625 0.015625
0 0.71875 0.846875 0.0140625 0.015625
0 0.7515625 0.90625 0.0140625 0.015625
0 0.7828125 0.90625 0.0140625 0.015625
1 0.03515625 0.21328125 0.009375 0.015625
1 0.240625 0.21328125 0.0109375 0.015625
6 0.64296875 0.33203125 0.0125 0.0140625
1 0.1796875 0.56875 0.0078125 0.0125
1 0.63515625 0.56875 0.009375 0.0125
1 0.63515625 0.7921875 0.0078125 0.0125
1 0.1796875 0.79296875 0.0078125 0.0125
6 0.6421875 0.62265625 0.0125 0.0140625
6 0.70625 0.6828125 0.015625 0.0140625
6 0.6421875 0.846875 0.0125 0.0140625
6 0.70625 0.90625 0.0140625 0.0140625