0 0.9484769325668683 0.7017359823223508 0.08816471335931694 0.19440725362819702
1 0.1340455466263655 0.2920733941948847 0.0681431146960441 0.21869792549789596
2 0.3278228186266837 0.2829637451058586 0.13347721335931695 0.19598960099579193
3 0.5286858846276381 0.2689210593563436 0.11644425469445316 0.20867065027015252
4 0.7208370219605473 0.2653347239696483 0.10779596069381689 0.20368304990733277
5 0.9161222499602291 0.2608580111782913 0.10925846335931695 0.19514386360966363
6 0.14227238590073182 0.7259846027250724 0.11638971069381694 0.20398315027015243
7 0.3390837512333228 0.7245783262313845 0.09613175469445326 0.20796132213985138
8 0.5289547732336409 0.7156050863981857 0.10620618869349877 0.20128473620500192
9 0.7297451139004136 0.7078124006486706 0.099783466024817 0.1862227313956785
1 0.8523831825668683 0.7050916500156985 0.05927664469286213 0.19496032513507622