0 0.9474782252112842 0.729252339698165 0.07487663269316017 0.19732105925276536
1 0.1274651576756942 0.29452947565027077 0.07235169794763907 0.2230477621748647
2 0.32595720906246506 0.2887219862035776 0.13893913269315988 0.1984392743497292
3 0.5308083632227776 0.27811790260108304 0.12206075721819473 0.21142051542127546
4 0.7276106280404164 0.27780643669334026 0.11335790444465292 0.20658301095704862
5 0.9275560766536456 0.2766591737076967 0.1147203826931598 0.19801653449599899
6 0.1303816441892355 0.7396101505691929 0.12195165444465292 0.20673301542127548
7 0.33103560762010353 0.7415742508140741 0.10096700721819465 0.21105232264544577
8 0.5264208428024647 0.7350400584452816 0.11097778685347244 0.20497960064862308
9 0.731907776598055 0.730672338073312 0.10436411094166687 0.18924550649282174
1 0.8568532252112842 0.7308342049572849 0.06319425028434011 0.19867900771063773