1 0.03642227156821818 0.3179714085932374 0.010224427693097126 0.012132585475263547
2 0.05985977156821818 0.3170164036503215 0.014911927693097127 0.01232358646384668
8 0.07549386192729779 0.3148172336883776 0.013349427693097127 0.012259919467652303
1 0.2106501119272978 0.3093100385175628 0.008652837334017515 0.010506418479069168
5 0.22548477156821817 0.310267702053716 0.016474427693097128 0.012387253460041058
2 0.2559626119272978 0.3074636956279254 0.013340337334017516 0.010697419467652302
2 0.28798477156821817 0.3077210222059404 0.013340337334017516 0.010697419467652302
0 0.2715876119272978 0.3068270256659815 0.014902837334017515 0.010761086463846681
1 0.30049386192729777 0.30564918623638526 0.010215337334017516 0.010570085475263547
2 0.04631490115490926 0.3628700731179738 0.016474427693097128 0.012387253460041058
1 0.21506490115490928 0.35599403752897957 0.013349427693097127 0.012259919467652303
1 0.4275649011549092 0.3473353260465423 0.011777837334017605 0.010633752471457925
4 0.4455336511549093 0.34660315559030686 0.016474427693097128 0.012387253460041058
1 0.38333311212368953 0.43193050193998533 0.008661927693097126 0.012068918479069168
5 0.3981768621236895 0.43132566547613854 0.014911927693097127 0.01232358646384668
1 0.188810431601922 0.5726377094680899 0.008643746974937905 0.008943918479069168
2 0.6552075912428424 0.555195611104064 0.013340337334017604 0.01069741946765248
1 0.13768829313643635 0.6333006368444075 0.010215337334017516 0.010570085475263547
1 0.3831235129840112 0.6022111684418882 0.008652837334017515 0.010506418479069168
5 0.3971860129840111 0.6016381654761386 0.014911927693097127 0.01232358646384668
1 0.18811047395279146 0.6929502094680898 0.010206246974937905 0.009007585475263546
2 0.6545212691323312 0.6731643611040641 0.013340337334017604 0.01069741946765248
1 0.3816559408735 0.7202117519399853 0.008652837334017515 0.010506418479069168
5 0.39649514569396027 0.7203881654761386 0.014911927693097127 0.01232358646384668
2 0.1377786758463854 0.7520188033463103 0.014911927693097127 0.01232358646384668
1 0.1932474258463854 0.7497586249814094 0.010215337334017516 0.010570085475263547
1 0.21277867584638538 0.7489627875289796 0.010215337334017516 0.010570085475263547
1 0.18732870307194432 0.8273252094680899 0.007081246974937905 0.008880251482874968
3 0.6537349530719443 0.8083206111040641 0.011777837334017605 0.010633752471457925
1 0.3808650796335733 0.8561492519399853 0.008652837334017515 0.010506418479069168
5 0.3957088296335733 0.8555444154761386 0.013340337334017516 0.01069741946765248
3 0.13777815496553827 0.8863619698482132 0.013340337334017516 0.01069741946765248
1 0.18751907973176918 0.9288558759699928 0.007090337334017515 0.010442751482874968
2 0.6531440797317691 0.9098831111040638 0.013340337334017604 0.01069741946765248
1 0.38105545629339815 0.9576799184418882 0.008652837334017515 0.010506418479069168
5 0.39589466111385835 0.9578563319780414 0.014911927693097127 0.01232358646384668
4 0.13796398644582333 0.988673886350116 0.015688632513557323 0.01157416996194378