1 0.0515625 0.30078125 0.009375 0.0109375
2 0.0734375 0.30078125 0.0140625 0.0109375
8 0.08828125 0.3 0.0125 0.0109375
1 0.21484375 0.3 0.0078125 0.009375
5 0.22890625 0.30078125 0.015625 0.0109375
2 0.25703125 0.3 0.0125 0.009375
2 0.2875 0.30078125 0.0125 0.009375
0 0.271875 0.3 0.0140625 0.009375
1 0.29921875 0.3 0.009375 0.009375
2 0.0609375 0.34375 0.015625 0.0109375
1 0.21953125 0.34375 0.0125 0.0109375
1 0.41875 0.34375 0.0109375 0.009375
4 0.43515625 0.34375 0.015625 0.0109375
1 0.37734375 0.42109375 0.0078125 0.0109375
5 0.39140625 0.42109375 0.0140625 0.0109375
1 0.19609375 0.54609375 0.0078125 0.0078125
2 0.6328125 0.546875 0.0125 0.009375
1 0.1484375 0.60078125 0.009375 0.009375
1 0.378125 0.58125 0.0078125 0.009375
5 0.39140625 0.58125 0.0140625 0.0109375
1 0.19609375 0.65859375 0.009375 0.0078125
2 0.6328125 0.6578125 0.0125 0.009375
1 0.37734375 0.69140625 0.0078125 0.009375
5 0.39140625 0.6921875 0.0140625 0.0109375
2 0.14921875 0.71171875 0.0140625 0.0109375
1 0.20078125 0.71171875 0.009375 0.009375
1 0.21953125 0.71171875 0.009375 0.009375
1 0.19609375 0.784375 0.00625 0.0078125
3 0.6328125 0.784375 0.0109375 0.009375
1 0.37734375 0.81875 0.0078125 0.009375
5 0.39140625 0.81875 0.0125 0.009375
3 0.15 0.83828125 0.0125 0.009375
1 0.196875 0.8796875 0.00625 0.009375
2 0.6328125 0.8796875 0.0125 0.009375
1 0.378125 0.9140625 0.0078125 0.009375
5 0.3921875 0.91484375 0.0140625 0.0109375
4 0.15078125 0.934375 0.0140625 0.009375
1 0.19609375 0.97578125 0.00625 0.0078125
2 0.6328125 0.97578125 0.0109375 0.009375