1 0.02230471741393629 0.24055227712736307 0.01066558596955513 0.012559087334017515
2 0.046523467413936294 0.240411376561629 0.016134335969555137 0.01259090359079611
8 0.06289788391583909 0.239534677791293 0.014571835969555136 0.012581813231716588
1 0.20508538391583908 0.2387074551150478 0.009007585475263546 0.010206246974937905
5 0.22074221741393626 0.23939780152425164 0.0176968359695552 0.01259999394987581
2 0.2519603839158391 0.23843474434265924 0.014476335475263547 0.010238063231716587
2 0.2863672174139363 0.23901600644290766 0.014476335475263547 0.010238063231716587
0 0.2683666339158391 0.23833929557232328 0.016038835475263545 0.010247153590796199
1 0.2988353839158391 0.23816203357027071 0.010570085475263547 0.010215337334017516
2 0.03440281079786523 0.28814943979334556 0.017696835969555135 0.01259999394987581
1 0.21174656079786525 0.2871176840378089 0.014571835969555202 0.012581813231716588
1 0.43518406079786526 0.28581776268942355 0.012913835475263546 0.010228972872636887
4 0.4531528107978652 0.285713223560008 0.017696835969555024 0.01259999394987581
1 0.39184257908665393 0.3728092234618121 0.009103085969555202 0.012549996974937905
5 0.40746757908665393 0.37271831987101595 0.016134335969555203 0.012590903590796199
1 0.19519702524605198 0.5138301749626226 0.008943918479069168 0.008643746974937905
2 0.6835101087441492 0.5117706877502421 0.014476335475263547 0.010238063231716587
1 0.14377378809763325 0.5750812923508695 0.010570085475263547 0.010215337334017605
1 0.39991370015091177 0.5517109282822723 0.009007585475263546 0.010206246974937905
5 0.41475745015091176 0.5516245698710159 0.016134335969555026 0.01259090359079611
1 0.20032221843970052 0.6396114249626226 0.010506418479069168 0.008652837334017605
2 0.6885716349416033 0.6359894377502421 0.014476335475263547 0.010238063231716587
1 0.4041621428502687 0.6751529734618121 0.009007585475263546 0.010206246974937905
5 0.41981897634836596 0.675843319871016 0.016134335969555026 0.01259090359079611
2 0.1503978142950874 0.6992909519917898 0.016134335969555113 0.01259090359079611
1 0.2074290642950874 0.6989591538853837 0.010570085475263547 0.010215337334017605
1 0.2285228142950874 0.6988364340378089 0.010570085475263547 0.010215337334017605
1 0.20605224809719574 0.7802364249626226 0.007381418479069169 0.008634656615858206
3 0.6943334980971957 0.7773956877502421 0.012913835475263546 0.010228972872636887
1 0.4099876730020555 0.8181217234618121 0.009007585475263546 0.010206246974937726
5 0.4256126730020555 0.818030819871016 0.014476335475263547 0.01023806323171641
3 0.15694092745067983 0.84069265681225 0.014476335475263547 0.01023806323171641
1 0.21119468733651153 0.8872631297830829 0.007445085475263546 0.010197156615858205
2 0.6986946873365116 0.8844269377502421 0.014476335475263547 0.01023806323171641
1 0.4150982787432741 0.9243671782822723 0.009007585475263546 0.010206246974937726
5 0.4307551122413713 0.9250575246914761 0.016134335969555026 0.012590903590795932
4 0.16211520018809283 0.9485006116327103 0.016038835475263545 0.010247153590795931
1 0.21477462657582738 0.9942989249626226 0.007381418479069169 0.008634656615858206
2 0.7022427930777302 0.9906814829297819 0.012913835475263546 0.010228972872636887