1 0.11934103338609485 0.021003367290050944 0.06055706677218971 0.04097043364502547
2 0.3271989974927175 0.023774885047640103 0.07939799498543501 0.04420451795398088
3 0.5374234436526516 0.02734128834384869 0.07482415525199179 0.04808349687674203
4 0.7507046936526516 0.02858212235821651 0.0951366552519918 0.04820167154477706
5 0.9580134955133278 0.029791140115805664 0.08397300897334432 0.04814258421075955
6 0.12068823620994644 0.12099427693097134 0.08548051042484128 0.06533008421075955
7 0.3261342541566351 0.12140840914994104 0.07992083221159589 0.062173267953980905
8 0.5409780041566352 0.12265833352338851 0.09572768863808676 0.06851417154477706
9 0.7464694862099465 0.12463496574235822 0.09094926042484133 0.06536190046753818
1 0.9214694862099464 0.1256530859592754 0.056778848904643554 0.07219316256778666
1 0.09418322367353413 0.23019656010845857 0.056733384798020633 0.07063066256778665
1 0.16137072367353414 0.23058744554888216 0.06142088479802066 0.07065793364502548
1 0.08705033676394243 0.33404372277444105 0.0666395822115959 0.062095999901804075
1 0.29262072367353414 0.23135103571157006 0.05501176042484124 0.06515282220870695
1 0.5050070634069774 0.22868107454639802 0.06516801042484133 0.06521190954272456
1 0.7074190095669114 0.23220202604720855 0.05648333221159589 0.06203691256778665
1 0.9230440095669115 0.2334564956001958 0.059608332211595894 0.06205509328594587
1 0.2972293188172538 0.33604762607064964 0.06126176042484124 0.06518918364502549
1 0.5058230688172538 0.33726118900777863 0.06985551042484132 0.0652391806199634
1 0.7151980688172538 0.3384792971244474 0.05657426042484133 0.06516191256778665
1 0.17235500244077545 0.447020966626121 0.059540136051661904 0.05971134328594587
1 0.17617163888814874 0.6587260810875015 0.05501176042484128 0.06515282220870695
1 0.18474397149545604 0.872802216626121 0.059540136051661904 0.05971134328594587
2 0.3738934557268455 0.2326049843837102 0.0697645822115959 0.06211418061996339
2 0.9237236226573197 0.3373491100615763 0.07516513605166182 0.05980224687674198
2 0.10505384217421876 0.44272383118569747 0.08557143863808662 0.06845508421075941
2 0.30588055628084143 0.44545444232742837 0.07985263605166182 0.05982951795398091
2 0.37692884217421874 0.44430555366555097 0.07697768863808659 0.06840508723582168
2 0.5136930562808415 0.4466634600850174 0.06969638605166181 0.059770430619963476
2 0.7183805562808414 0.4478542971244474 0.07516513605166182 0.05980224687674198
2 0.9308805562808414 0.4490905859592754 0.07532426042484133 0.06527099687674198
2 0.09088970526462706 0.5465300872358216 0.06969638605166187 0.059770430619963476
2 0.30580165142456106 0.5501237616092691 0.07532426042484133 0.06527099687674216
2 0.5120289193712497 0.5505424390077787 0.06994643863808658 0.06836418061996348
2 0.7214721155311837 0.5541042971244474 0.07541518863808676 0.06839599687674199
2 0.38088187094146014 0.6606981681269315 0.0697645822115959 0.0621141806199633
2 0.3893860073888334 0.872430553665551 0.07541518863808658 0.0683959968767418
3 0.5816832236735341 0.23303275214129932 0.06985551042484132 0.0652391806199634
3 0.5902555562808415 0.4471088876799188 0.07532426042484133 0.06527099687674216
3 0.10431937094146009 0.6590891745698392 0.07992083221159589 0.062173267953980905
3 0.3121091388881488 0.6595169423274283 0.08001176042484133 0.0652982679539809
3 0.5199443709414602 0.6615072100850174 0.0697645822115959 0.062114180619963474
3 0.596438674781526 0.6596088876799188 0.07697768863808659 0.06840508723582168
3 0.7222199247815261 0.6603406615858279 0.07992083221159589 0.062173267953980905
4 0.8088250145149694 0.6569389265147467 0.08713393863808676 0.06846417456983911
3 0.9300204014245612 0.5537553600615764 0.07532426042484133 0.06527099687674216
3 0.10263250197855704 0.7621869034926003 0.06994643863808662 0.06836418061996348
3 0.315132501978557 0.7634231923274284 0.08010268863808659 0.0684232679539809
3 0.5152234301918024 0.7677117582896195 0.08557143863808658 0.06845508421075941
3 0.7299762519785571 0.7658366826630669 0.0697645822115959 0.062114180619963474
3 0.9385927340318684 0.7678314956001958 0.07985263605166182 0.05982951795398091
3 0.6050110073888334 0.8736850232185382 0.08010268863808659 0.06842326795398108
4 0.7863707236735341 0.23422358918072925 0.07704588479802066 0.07074883723582168
4 0.7957470383341527 0.44908551989888845 0.09260268863808659 0.0684959908266178
4 0.11282350738883337 0.8708215601084586 0.0853895822115959 0.062205084210759765
4 0.3152127214954561 0.8735612616092692 0.08568509890464338 0.07236133421075977
4 0.5261047573888333 0.8732259600850174 0.0697645822115959 0.06211418061996312
4 0.7307467932822107 0.8728542971244474 0.07532426042484133 0.06527099687674216
4 0.8205905432822107 0.8733769927715255 0.08724759890464355 0.07237042456983929
4 0.9417297573888334 0.8756439956001959 0.07992083221159589 0.06217326795398108
4 0.10562242431930766 0.9719784028345305 0.08523045783841651 0.05604319433093892
4 0.32283265637261904 0.9733914327905641 0.08518499373179385 0.05321713441887184
4 0.5259803884259304 0.9747635561307393 0.08513952962517131 0.05047288773852152
4 0.7361366384259304 0.9753669287146488 0.0906082796251713 0.049266142570702345
5 0.9770204755706228 0.23066783888614167 0.04595904885875442 0.06514373184962743
5 0.9825410300208827 0.447087724424761 0.03491793995823471 0.06121021077238851
5 0.9855871251646022 0.6603689744247611 0.028825749670795632 0.0690227107723885
3 0.9394528888881488 0.6631667214978949 0.08001176042484133 0.0652982679539809
5 0.9918775635882063 0.8775746551429202 0.016244872823587286 0.06820509933607007
5 0.9423866384259302 0.976004390145107 0.06482702962517095 0.04799121970978604
0 0.9755087940254186 0.12519908888614165 0.04898241194916295 0.06201873184962738
0 0.9793708945794146 0.5533104533475223 0.04125821084117085 0.06517100292686635
0 0.9848971320430022 0.7720740888861416 0.030205735913995467 0.06514373184962743
0 0.9879261781467384 0.9738526739806641 0.02414764370652307 0.052294652038671785
0 0.9809497862890886 0.3377127244247611 0.038100427421822756 0.06121021077238851
6 0.1643940867639424 0.33449369554888214 0.0822645822115959 0.062186903492600275
6 0.1707590616911178 0.5532436955488821 0.08219638605166191 0.059843153492600366
6 0.17928593019180245 0.7657573310875015 0.07679583221159589 0.06215508723582168
6 0.19077867431930767 0.9722238425296803 0.08679295783841648 0.05555231494063939
7 0.36914978292387646 0.3380282825883121 0.077136813011266 0.07387383723582168
7 0.38002040142456106 0.550555553665551 0.07688676042484133 0.06528008723582168
7 0.3894876442984251 0.7685424843837101 0.08235551042484124 0.06531190349260037
7 0.39705140637261904 0.9736198280624395 0.07659124373179385 0.05276034387512105
8 0.5800190867639424 0.33691173106406047 0.0822645822115959 0.062186903492600365
8 0.5910033655311837 0.5533452521412994 0.0822645822115959 0.062186903492600365
8 0.5949109301918024 0.7681753666026798 0.08679295783841656 0.05674542456983929
8 0.6103099243193076 0.9734589950696233 0.07663670783841656 0.05308200986075349
9 0.7871185329238765 0.3404599536421098 0.07210833221159589 0.06212781615858276
9 0.7956908655311838 0.5545360891807293 0.08679295783841656 0.05674542456983911
9 0.8074109301918024 0.7694116554375079 0.0869520822115959 0.062214174569839284
9 0.8158241384259302 0.9756260039484179 0.07185827962517095 0.04874799210316425