1 0.1141766210890397 0.04438184305716651 0.05952618942018657 0.05919793758467107
2 0.30939811582736787 0.056180237448385496 0.07680469468185844 0.06166119629109834
3 0.5054918658273678 0.06645707541716936 0.07248121572854593 0.06766553482570907
4 0.704619610565696 0.07846018769621271 0.0910492052052021 0.0655231806872661
5 0.8992418658273678 0.08709263850986684 0.08185621572854558 0.06815685775648758
6 0.10591752908036951 0.14582151232447188 0.0816742052052021 0.0650318577564876
7 0.29893178171120544 0.15515332598299625 0.07680469468185844 0.06166119629109836
8 0.4997130317112054 0.16567582541716935 0.09123121572854576 0.06864818068726608
9 0.6926362790803695 0.17657013907569372 0.0863617052052021 0.06527751922187686
1 0.8559175290803693 0.1851273467867528 0.054694476251889765 0.06984883254171695
1 0.07261293444086339 0.2467322371097012 0.05460347099021765 0.06828633254171698
1 0.1351129344408634 0.2500077233148913 0.060072220990217674 0.06857293758467105
1 0.05755010558637282 0.3438971641789227 0.06430469468185843 0.06100609905006031
1 0.2585504344408634 0.2564768085701417 0.0527679552052021 0.06351694538658714
1 0.4571699449642071 0.2637514772716202 0.0629242052052021 0.06404921189493056
1 0.6461414397025352 0.27522232304232014 0.05414844468185844 0.06047383254171699
1 0.8484851897025351 0.28582670963162304 0.05805469468185862 0.06067855042954129
1 0.2543796029555369 0.35499619572527147 0.0597992052052021 0.06388543758467105
1 0.4489108529555369 0.3651911465389256 0.0676117052052021 0.06429487336031983
1 0.6457858529555369 0.37550892808527425 0.0543304552052021 0.06359883254171698
1 0.12801525305435896 0.4525971347802805 0.05796368942018657 0.05911605042954129
1 0.11411383482203412 0.650911804047586 0.0527679552052021 0.06351694538658706
1 0.10476340869720151 0.8518158847802806 0.05796368942018657 0.05911605042954129
2 0.33428618181002745 0.26122958559393467 0.06742969468185844 0.06116987336031983
2 0.8404991134788806 0.3825788788989284 0.07202618942018653 0.0598530348257091
2 0.06574276620853856 0.4454153985750905 0.0818562157285458 0.06815685775648764
2 0.25315176094686676 0.4568043571906607 0.07671368942018653 0.06009869629109836
2 0.3204302662085386 0.45876300486124 0.07404371572854576 0.06774742198083886
2 0.4476830109468667 0.4669993080043148 0.06733868942018653 0.05960737336031983
2 0.6398705109468666 0.47707142808527425 0.07202618942018653 0.0598530348257091
2 0.8383080109468667 0.48747109678675277 0.0722992052052021 0.0645405348257091
2 0.043648687354048 0.5422118334462281 0.06733868942018657 0.05960737336031983
2 0.24507467946154024 0.5551190264579661 0.0722992052052021 0.0645405348257091
2 0.4373076820923762 0.5644098965389255 0.06779371572854594 0.06741987336031982
2 0.6340461741998684 0.5770714280852742 0.07248121572854593 0.0676655348257091
2 0.3062558321911982 0.6617651741285454 0.06742969468185844 0.06116987336031983
2 0.2970419139588733 0.86032550486124 0.07248121572854575 0.06766553482570928
3 0.5288629344408634 0.2706432864075888 0.0676117052052021 0.06429487336031983
3 0.5195580109468667 0.4707661171402834 0.0722992052052021 0.0645405348257091
3 0.046880832191198187 0.6481719063770066 0.07680469468185842 0.06166119629109836
3 0.2414575848220341 0.6575856071906607 0.0769867052052021 0.06478619629109836
3 0.4359433321911982 0.6685618080043148 0.06742969468185844 0.06116987336031983
3 0.507954840083706 0.6699848671402834 0.07404371572854576 0.06774742198083886
3 0.6259235900837059 0.6761673473525797 0.07680469468185844 0.06166119629109836
4 0.7073556006070497 0.6773004794193268 0.08341871572854594 0.06823874491161738
3 0.8286684294615402 0.5857038788989284 0.0722992052052021 0.0645405348257091
3 0.03655100596754354 0.7448012449116174 0.06779371572854581 0.06741987336031982
3 0.23576975596754352 0.7552418571906607 0.07716871572854585 0.06791119629109836
3 0.4231332480750358 0.767412065806231 0.08185621572854576 0.06815685775648764
3 0.6248322559675435 0.7756317588179689 0.06742969468185844 0.06116987336031983
3 0.8193180033367076 0.7866079596316231 0.07671368942018653 0.06009869629109836
3 0.4978231639588733 0.8708480042954132 0.07716871572854593 0.06791119629109801
4 0.7210504344408635 0.28071540648854826 0.07413472099021767 0.06930992198083885
4 0.7117000083160308 0.48161948722124287 0.08810621572854575 0.06848440637700666
4 0.03920650564990128 0.8467322371097012 0.07841301129980256 0.06190685775648745
4 0.2274196586972015 0.8582440264579659 0.0820382262518895 0.07128185775648746
4 0.42438566395887334 0.8669993080043149 0.06742969468185844 0.06116987336031983
4 0.6166641692205452 0.8755089280852744 0.0722992052052021 0.06454053482570928
4 0.7002579192205453 0.879889890884716 0.08360072625188941 0.07136374491161739
4 0.8134481639588735 0.8873892096316232 0.07680469468185862 0.06166119629109836
4 0.031675091222656 0.9454596641789227 0.063350182445312 0.06503185775648745
4 0.22646483247354685 0.9553646879233554 0.08149219468185845 0.06190685775648745
4 0.4161720745810391 0.9676577272716201 0.08149219468185845 0.06190685775648745
4 0.613138079842711 0.9730589996035153 0.08608868942018652 0.05388200079296936
5 0.9173261949642072 0.28786724445733214 0.0785492052052021 0.06486808344622812
5 0.9126177662085386 0.489798236655416 0.08305469468185862 0.06198874491161739
5 0.8962360900837059 0.6903338251900267 0.07404371572854558 0.06774742198083886
3 0.8289575848220341 0.6883751775194474 0.0769867052052021 0.06478619629109836
5 0.8914366560663656 0.8938273173881107 0.07873121572854558 0.0679930834462283
5 0.8053255798427109 0.9784021364757315 0.06265118942018652 0.04319572704853698
0 0.9254942817112054 0.18799007519002672 0.08305469468185826 0.06198874491161734
0 0.8997621794615401 0.5894297444573321 0.0879242052052021 0.06535940637700666
0 0.8972609928133639 0.7938273173881106 0.0980804552052021 0.06589167288534999
0 0.8812433377352187 0.977716601367109 0.0879242052052021 0.04456679726578194
0 0.9184876055863729 0.389016986655416 0.08305469468185862 0.06198874491161739
6 0.12942510558637282 0.3476639733148913 0.0783671946818584 0.06174308344622812
6 0.11754891893819652 0.5515702233148913 0.07827618942018658 0.06018058344622794
6 0.10828949807503578 0.750911804047586 0.07367969468185845 0.06149742198083885
6 0.10132832458103909 0.9511574655129753 0.0834187157285458 0.06823874491161704
7 0.32147609769386504 0.36007984339585075 0.07431673151356133 0.07243492198083885
7 0.31460592946154026 0.55876300486124 0.0738617052052021 0.06462242198083885
7 0.30507349281336393 0.7627920855939346 0.0785492052052021 0.06486808344622812
7 0.2959960824735469 0.9590086663266293 0.07367969468185845 0.06149742198083885
8 0.5184876055863729 0.3680538749421995 0.07836719468185827 0.06174308344622812
8 0.5113899241998684 0.5706432864075888 0.07836719468185827 0.06174308344622812
8 0.4973519980750358 0.7713017056748941 0.082736176266007 0.05651999491161739
8 0.49438807984271094 0.9689391870188441 0.0738617052052021 0.06212162596231181
9 0.712882347693865 0.3805925757558536 0.06899219468185827 0.06125176051544958
9 0.7035774241998685 0.5807154064885482 0.08273617626600682 0.05651999491161739
9 0.6965707480750358 0.7817423179539376 0.08305469468185844 0.06198874491161739
9 0.6871748193193673 0.9756196342144537 0.0691742052052021 0.04876073157109247