1 0.11875 0.05625 0.0546875 0.0546875
2 0.309375 0.0578125 0.071875 0.05625
3 0.5015625 0.0578125 0.0671875 0.0625
4 0.69609375 0.059375 0.0859375 0.059375
5 0.88671875 0.0578125 0.0765625 0.0625
6 0.11640625 0.15546875 0.0765625 0.059375
7 0.3046875 0.1546875 0.071875 0.05625
8 0.5015625 0.1546875 0.0859375 0.0625
9 0.68984375 0.15546875 0.08125 0.059375
1 0.85 0.15546875 0.05 0.065625
1 0.08984375 0.25546875 0.05 0.0640625
1 0.15078125 0.25546875 0.0546875 0.0640625
1 0.08046875 0.35078125 0.059375 0.05625
1 0.27109375 0.25546875 0.0484375 0.059375
1 0.465625 0.25234375 0.0578125 0.059375
1 0.65078125 0.25390625 0.05 0.05625
1 0.8484375 0.25390625 0.053125 0.05625
1 0.27265625 0.3515625 0.0546875 0.059375
1 0.46328125 0.3515625 0.0625 0.059375
1 0.65546875 0.3515625 0.05 0.059375
1 0.15546875 0.45390625 0.053125 0.0546875
1 0.153125 0.64765625 0.0484375 0.059375
1 0.15546875 0.84375 0.053125 0.0546875
2 0.3453125 0.25625 0.0625 0.05625
2 0.84609375 0.34921875 0.0671875 0.0546875
2 0.09375 0.45 0.0765625 0.0625
2 0.27734375 0.4515625 0.071875 0.0546875
2 0.34296875 0.45 0.06875 0.0625
2 0.46796875 0.4515625 0.0625 0.0546875
2 0.65546875 0.4515625 0.0671875 0.0546875
2 0.85 0.4515625 0.0671875 0.059375
2 0.078125 0.5453125 0.0625 0.0546875
2 0.275 0.54765625 0.0671875 0.059375
2 0.46328125 0.546875 0.0625 0.0625
2 0.65546875 0.54921875 0.0671875 0.0625
2 0.340625 0.6484375 0.0625 0.05625
2 0.34296875 0.8421875 0.0671875 0.0625
3 0.5359375 0.25546875 0.0625 0.059375
3 0.53828125 0.4515625 0.0671875 0.059375
3 0.0875 0.6484375 0.071875 0.05625
3 0.27734375 0.64765625 0.071875 0.059375
3 0.46796875 0.6484375 0.0625 0.05625
3 0.53828125 0.64609375 0.06875 0.0625
3 0.653125 0.64609375 0.071875 0.05625
4 0.7328125 0.64296875 0.078125 0.0625
3 0.84609375 0.54765625 0.0671875 0.059375
3 0.0828125 0.74296875 0.0625 0.0625
3 0.27734375 0.74296875 0.071875 0.0625
3 0.4609375 0.7453125 0.0765625 0.0625
3 0.6578125 0.74296875 0.0625 0.05625
3 0.8484375 0.74375 0.071875 0.0546875
3 0.53984375 0.8421875 0.071875 0.0625
4 0.7234375 0.25546875 0.06875 0.0640625
4 0.72578125 0.45234375 0.0828125 0.0625
4 0.08984375 0.8421875 0.0765625 0.05625
4 0.275 0.84375 0.0765625 0.065625
4 0.46796875 0.8421875 0.0625 0.05625
4 0.65546875 0.840625 0.0671875 0.059375
4 0.7375 0.840625 0.078125 0.065625
4 0.8484375 0.8421875 0.071875 0.05625
4 0.08046875 0.93984375 0.0765625 0.059375
4 0.2796875 0.9390625 0.0765625 0.05625
4 0.465625 0.94140625 0.0765625 0.05625
4 0.6578125 0.93984375 0.08125 0.0546875
5 0.915625 0.25234375 0.0734375 0.059375
5 0.92265625 0.45 0.078125 0.05625
5 0.91796875 0.64609375 0.06875 0.0625
3 0.85234375 0.64765625 0.071875 0.059375
5 0.925 0.84453125 0.0734375 0.0625
5 0.84609375 0.93984375 0.0578125 0.0546875
0 0.91796875 0.1546875 0.078125 0.05625
0 0.915625 0.54765625 0.0828125 0.059375
0 0.925 0.746875 0.0921875 0.059375
0 0.9203125 0.9375 0.0828125 0.059375
0 0.92265625 0.35078125 0.078125 0.05625
6 0.15078125 0.35078125 0.0734375 0.05625
6 0.15078125 0.55078125 0.0734375 0.0546875
6 0.153125 0.7453125 0.06875 0.05625
6 0.1578125 0.94140625 0.078125 0.0625
7 0.33828125 0.353125 0.06875 0.0671875
7 0.34296875 0.54765625 0.06875 0.059375
7 0.3453125 0.746875 0.0734375 0.059375
7 0.34765625 0.9390625 0.06875 0.05625
8 0.53125 0.35078125 0.0734375 0.05625
8 0.5359375 0.54921875 0.0734375 0.05625
8 0.53359375 0.7453125 0.078125 0.0515625
8 0.5421875 0.93984375 0.06875 0.059375
9 0.72109375 0.353125 0.0640625 0.05625
9 0.7234375 0.54921875 0.078125 0.0515625
9 0.728125 0.7453125 0.078125 0.05625
9 0.73046875 0.94296875 0.0640625 0.059375