1 0.25778740625123575 0.17591406899529322 0.07595239407307589 0.23484833279171563
0 0.8237035434310434 0.8205239963531425 0.10543534253094826 0.22364778003177221
1 0.7198382037394688 0.8199939366933403 0.07615694561520332 0.24656708279171582
2 0.49843967979018605 0.17015144399694088 0.1053126116056717 0.2166165300317721
3 0.7397913827122854 0.16906268222911333 0.08900181899199797 0.22179890787279355
4 0.13166564245481333 0.5108266314944694 0.10869671022569997 0.2315148271096728
5 0.36830257183796233 0.511382190343493 0.10557171022569989 0.23146028003177205
6 0.6081735953769126 0.5056332021146157 0.10103421468992693 0.23997220941492098
7 0.848675864451636 0.5084643271162633 0.11264387053412576 0.23392676095704862
8 0.23599899188891574 0.8424975969984704 0.10072056899199797 0.22200345941492117
9 0.48525865219734127 0.8358037175358912 0.10248762053412541 0.23374948295387127