1 0.25863684009861154 0.16742307985958166 0.07347227637832407 0.22820933475372307
0 0.8069660568237239 0.7807017744251352 0.10218761160567169 0.21828126324684405
1 0.7062257171321494 0.7818773832254754 0.07366319115097646 0.23914683475372306
2 0.49225786363756185 0.15770330636111868 0.10206488068039513 0.21125001324684392
3 0.7258107033291364 0.15188978286265575 0.0857540880667214 0.21614584437236992
4 0.13739349107484156 0.49333579383206494 0.10544897930042345 0.2262028906515056
5 0.3662179204579905 0.4900297114405946 0.1023239793004235 0.22609376324684388
6 0.5982764439969409 0.4803645016444625 0.09777284699517512 0.2337425721398514
7 0.8309798498411395 0.478484509997165 0.10860125283937379 0.2278745180561673
8 0.23801150528159637 0.8122817120735668 0.0974728380667214 0.2165550721398514
9 0.4794586655900218 0.8015078700634495 0.09922625283937378 0.22754713584218217