0 0.9053456956977156 0.26577723243119455 0.06876202335696498 0.11163472099021768
0 0.9282031518202725 0.6479071929686556 0.07175063103709718 0.1071292315135615
1 0.10752064647650314 0.11816690009882205 0.06081313103709696 0.10649219468185844
2 0.30510870031656917 0.10431098449733314 0.07735577335696497 0.11213524992941282
3 0.4950888426364372 0.09794134520420347 0.08029891693047411 0.10606726045275654
4 0.6848416644231918 0.0837592059110738 0.07154604255729495 0.10009798151356135
5 0.8739268964765031 0.07352881924878008 0.07395798871722903 0.10257823940606911
6 0.11072351748447025 0.3089284079913298 0.07050637978345571 0.1179757262518896
7 0.305436623910961 0.3038482529131846 0.06094952335696498 0.11117969468185844
8 0.49978601748447027 0.28626809783503937 0.07188702335696498 0.11181673151356133
9 0.686618427751027 0.27929921906525346 0.06729045157021041 0.11466871572854576
1 0.855232035431159 0.2647831508046937 0.05112589396922047 0.14882390785015548
1 0.09549463723879612 0.5117194790238997 0.04546091567683304 0.11495714206513981
1 0.1463895475053528 0.5126680580195646 0.05058032468974849 0.13007390785015538
1 0.2806963513454188 0.5024978555157856 0.04541545157021041 0.11339464206513998
1 0.09146166976696116 0.6958592605939309 0.053659860583125815 0.1286934183734992
1 0.28532533003351784 0.6884808581466216 0.056398415676833034 0.11559417889684287
1 0.46865935259906005 0.4805942214843279 0.04759171700961655 0.1345793973268119
1 0.6633724590255508 0.47551406640618266 0.04298077335696497 0.1101331341726322
1 0.8569406025990599 0.4579794139588733 0.04826766693047446 0.10420165258848364
1 0.47266620566033846 0.6720914767459998 0.05626202335696497 0.11090667889684287
1 0.6712628300335178 0.6660025585136748 0.0518473079967011 0.1200086631118273
2 0.3365144423325033 0.4843779160955991 0.06719952335696497 0.11154371572854593
3 0.5305599590255508 0.4832495136482898 0.06577341567683312 0.11614021046687384
4 0.7203582449189281 0.4706298743551601 0.06559155925034225 0.10989021046687383
5 0.913122406439126 0.4523594745386868 0.07574780925034226 0.11048174466774104
6 0.1446094018202725 0.693546331697088 0.06833011434404952 0.09679097099021768
7 0.3383594018202725 0.6822616792497787 0.05911423871722885 0.10171368942018652
8 0.5358337953937818 0.6644995136482897 0.06459736058312586 0.1293304552052021
9 0.7275810261934519 0.6650701190934882 0.07423077335696497 0.11195323940606912
2 0.8687372236070271 0.648240392912186 0.0757023451437199 0.10891924466774086
2 0.10727820104148496 0.8897989763930638 0.07161423871722894 0.10244173151356151
1 0.1634827369348623 0.8849602869728773 0.041190952823851566 0.10222962891096046
2 0.28607079077492825 0.875472623931637 0.06398359514371962 0.1082367052052021
2 0.35337195104148494 0.8754656476797475 0.070188131037097 0.10703822625188977
2 0.47917593309479634 0.8689209741151638 0.06228470282385157 0.10345819994353037
2 0.6720082907749283 0.8529943242986905 0.06853470282385157 0.10382222099021768
2 0.865871951041485 0.8456159218513811 0.06862563103709682 0.10694722099021767
4 0.7408946830947963 0.8536775927851291 0.05929609514371954 0.10796368942018653
5 0.933840701041485 0.8416571929686556 0.06264841567683313 0.11595819994353036
3 0.5462497728282395 0.8611014978632742 0.07175063103709682 0.1071292315135615