0 0.89609375 0.315625 0.0640625 0.1046875
0 0.90703125 0.6875 0.0671875 0.1
1 0.12578125 0.12734375 0.05625 0.1
2 0.31796875 0.125 0.071875 0.1046875
3 0.50234375 0.12890625 0.075 0.0984375
4 0.68671875 0.1265625 0.0671875 0.09375
5 0.87109375 0.12734375 0.06875 0.0953125
6 0.1234375 0.3125 0.065625 0.1109375
7 0.3125 0.31796875 0.05625 0.1046875
8 0.5015625 0.3125 0.0671875 0.1046875
9 0.68359375 0.31640625 0.0625 0.1078125
1 0.84765625 0.31171875 0.0453125 0.1421875
1 0.103125 0.5078125 0.040625 0.109375
1 0.15234375 0.51171875 0.0453125 0.1234375
1 0.2828125 0.509375 0.040625 0.1078125
1 0.09375 0.68671875 0.0484375 0.121875
1 0.28203125 0.690625 0.0515625 0.109375
1 0.46640625 0.49921875 0.0421875 0.128125
1 0.65546875 0.50546875 0.0390625 0.1046875
1 0.84375 0.49921875 0.04375 0.0984375
1 0.46484375 0.68515625 0.0515625 0.1046875
1 0.6578125 0.690625 0.046875 0.1140625
2 0.3375 0.4953125 0.0625 0.1046875
3 0.52578125 0.50546875 0.0609375 0.109375
4 0.7109375 0.50390625 0.0609375 0.103125
5 0.8984375 0.496875 0.0703125 0.103125
6 0.14609375 0.6875 0.0640625 0.090625
7 0.334375 0.6875 0.0546875 0.0953125
8 0.52578125 0.68125 0.059375 0.121875
9 0.7125 0.69296875 0.06875 0.1046875
2 0.84921875 0.684375 0.0703125 0.1015625
2 0.10390625 0.87578125 0.0671875 0.0953125
1 0.15859375 0.87421875 0.0375 0.096875
2 0.278125 0.871875 0.059375 0.1015625
2 0.34296875 0.87578125 0.065625 0.1
2 0.465625 0.8765625 0.0578125 0.096875
2 0.653125 0.871875 0.0640625 0.096875
2 0.84140625 0.87578125 0.0640625 0.1
4 0.71953125 0.8765625 0.0546875 0.1015625
5 0.90703125 0.87578125 0.0578125 0.109375
3 0.53046875 0.87265625 0.0671875 0.1