0 0.9352312944567007 0.3256667214978949 0.0739897717116218 0.11289997579950324
0 0.9635569631394357 0.724953649190992 0.0728860737211285 0.10744940651766247
1 0.09846323283649223 0.11850962636523725 0.06514131058675124 0.10738122882456529
2 0.3046040709258334 0.11736580376374679 0.08258352171162171 0.1129499727744411
3 0.503259894747151 0.12320777936685826 0.08538103597964533 0.10593690349260032
4 0.7007705955329393 0.12123270979042988 0.07656896215832773 0.10119940651766242
5 0.8992444828364923 0.12316843539354135 0.07820423676543378 0.10277099687674203
6 0.10539824524248904 0.31771474082661777 0.07584337014004516 0.11915906615858277
7 0.30877795636735955 0.3243652375069681 0.0653960217116217 0.11284997882456534
8 0.511648245242489 0.3200782341873184 0.0771147717116218 0.11291815651766246
9 0.7071426817602537 0.32512077907227066 0.07257282092583353 0.11601588544042354
1 0.8827056079389362 0.32145594446872766 0.055533024192821044 0.1526255511314682
1 0.09327504259467394 0.5269624757995032 0.0492080955329393 0.11744203005422929
1 0.14661836641599152 0.5319590480082101 0.054623341603997844 0.1330943011314682
1 0.2863529545053327 0.530428885145836 0.049135320925833434 0.11587953005422928
1 0.0920700692686944 0.7190908884654856 0.05845681699689202 0.1315545270291672
1 0.29463214309001196 0.7249555899662962 0.0609268455329393 0.11751020774732641
1 0.4827185322555917 0.5206367703898678 0.05171666542531543 0.13776362041330897
1 0.6861346306840151 0.5280685170702182 0.047427271711621796 0.11274543969514958
1 0.8881872822555916 0.5229957185710286 0.051787285979645506 0.10574146077238851
1 0.49043479466158857 0.7198464300307882 0.0607085217116218 0.11282270774732642
1 0.697757143090012 0.7273009026088376 0.055712806657809824 0.1229471414905479
2 0.34421895843427414 0.5151447736113216 0.0724272717116218 0.11289088544042372
3 0.5470721306840151 0.5272594751121321 0.0710830955329392 0.11756929508134402
4 0.7454368560769093 0.5268514507152435 0.07079199710451593 0.11131929508134383
5 0.9466354830413799 0.5202116070365143 0.08094824710451576 0.11137838241536144
6 0.14835645657224733 0.7201993913923519 0.0732984129441161 0.09805622579950324
7 0.3507002065722474 0.7213765928931624 0.0633604867654336 0.10268463846548563
8 0.555877858143824 0.7163219751121321 0.07017556699689198 0.1316227047222643
9 0.7572413050006708 0.729990086253863 0.0786772717116218 0.11292724687674198
2 0.9036796573580357 0.7214695800073471 0.08087547249741008 0.10981588241536144
2 0.11246826819245585 0.922279520979043 0.07664173676543369 0.10276190651766229
1 0.17098924358535 0.9210579094445286 0.045464511372539554 0.10414259933607006
2 0.2997863316746912 0.9194641140685971 0.06915672249741008 0.10974770472226467
2 0.36949951819245586 0.92377488504764 0.07529756058675119 0.10744031615858277
2 0.5007859054960088 0.925319725210328 0.06655826137253947 0.10426531918364504
2 0.7021300816746912 0.9218048815315987 0.07358951137253947 0.10430622579950324
2 0.9046557681924557 0.9268883330324093 0.0737350605867512 0.10743122579950323
4 0.7734421554960088 0.9269059928697214 0.06368797249741007 0.109715888465486
5 0.970689922712993 0.927297399190992 0.05862015457401384 0.11754656918364503
3 0.5701352189782442 0.9218179961893711 0.07686006058675118 0.10744940651766229