0 0.9290560776037792 0.38924379084062577 0.09147387007567467 0.17618259992375007
0 0.9502717747889415 0.9220878961327607 0.08496920209089716 0.15582420773447864
1 0.06563427026595507 0.097530269851632 0.06790903608328587 0.1725120860560417
2 0.26641552026595505 0.10220350531833355 0.09447153608328591 0.17313033510611117
3 0.47653993676785794 0.10631369633211844 0.09029337205284094 0.18552123233256954
4 0.7015717702659551 0.11233187946211864 0.10169378707186905 0.17798148926642368
5 0.9202262697716634 0.11507959222739661 0.08841253707186922 0.17767236474138892
6 0.0922736606075848 0.36820644576343764 0.08216253707186905 0.17752689437666672
7 0.28055491060758475 0.3725887405006947 0.07884653608328591 0.17276665919430564
8 0.47664866060758476 0.37715287319385454 0.0895930350947026 0.16833373233256949
9 0.6735236606075847 0.3817351896826048 0.08197153608328592 0.1728393943766667
1 0.8508037436113906 0.3843004112815979 0.06510237106425762 0.18025185087368065
1 0.08450621745111733 0.6373012846692709 0.06153170209089709 0.1692416156913195
1 0.1416966349416033 0.6425349517473612 0.053256287071869045 0.17685409393982637
1 0.25257046794540894 0.6435545507211808 0.05762545209089707 0.16915069671336802
1 0.09714677478894146 0.9092126522604514 0.05918795209089709 0.1691870643045487
1 0.28236669178513585 0.9144643398315366 0.059315286083285915 0.17107132033692665
1 0.45725796794540885 0.6483187051658337 0.054755120075674665 0.17532796153100705
1 0.6532880509492145 0.6513203378589936 0.06165903608328591 0.1723666156913195
1 0.8628222184397003 0.6600998450771882 0.05625395307948011 0.17380182912218753
1 0.4643979417851359 0.915410877017804 0.05950628707186904 0.1691782459643921
1 0.6581479417851359 0.9188648183643838 0.05462778608328591 0.1622703632712323
2 0.33219430094921454 0.6438467978713891 0.08796686809850832 0.16673486474138902
3 0.5282880509492145 0.648410930564549 0.0739043680985084 0.16640755642076394
4 0.7354466349416032 0.6563546363959729 0.08978403608328592 0.1730212323325695
5 0.9392892179454089 0.6595381070450355 0.07741137007567467 0.17585529160312507
6 0.16980302478894144 0.9109037452503473 0.07897387007567466 0.17589165919430555
7 0.35339677478894144 0.9135882781150695 0.08366137007567467 0.17282344376986103
8 0.5416461912908442 0.9161245909947224 0.09134653608328591 0.16775081801055514
9 0.7284604417851359 0.9195057971589413 0.0850965360832859 0.16098840568211728
2 0.8620541917851359 0.9198340852951393 0.09466253707186922 0.1603318294097214