0 0.9109375 0.37265625 0.0828125 0.1703125
0 0.91015625 0.90078125 0.0765625 0.1640625
1 0.07734375 0.10625 0.059375 0.1671875
2 0.27421875 0.10625 0.0859375 0.1671875
3 0.4796875 0.10546875 0.08125 0.1796875
4 0.69921875 0.10625 0.0921875 0.171875
5 0.91328125 0.10390625 0.0796875 0.171875
6 0.09296875 0.37109375 0.0734375 0.171875
7 0.27734375 0.37109375 0.0703125 0.1671875
8 0.46875 0.37109375 0.08125 0.1625
9 0.66171875 0.37109375 0.0734375 0.1671875
1 0.83515625 0.36953125 0.05625 0.175
1 0.07421875 0.634375 0.053125 0.1640625
1 0.13046875 0.63828125 0.0453125 0.171875
1 0.2390625 0.63671875 0.05 0.1640625
1 0.07578125 0.90078125 0.0515625 0.1640625
1 0.25703125 0.90234375 0.0515625 0.1671875
1 0.4390625 0.63671875 0.046875 0.1703125
1 0.63046875 0.63515625 0.053125 0.1671875
1 0.8359375 0.6390625 0.0484375 0.16875
1 0.43515625 0.90234375 0.0515625 0.171875
1 0.625 0.90234375 0.046875 0.1671875
2 0.31640625 0.63515625 0.0796875 0.1609375
3 0.50859375 0.63515625 0.065625 0.1609375
4 0.7109375 0.63828125 0.08125 0.1671875
5 0.91015625 0.63671875 0.06875 0.1703125
6 0.146875 0.90078125 0.0703125 0.1703125
7 0.3265625 0.90078125 0.075 0.1703125
8 0.5109375 0.9 0.0828125 0.1671875
9 0.69375 0.90234375 0.0765625 0.1671875
2 0.82421875 0.90234375 0.0859375 0.171875