0 0.9321839056789238 0.37578125 0.08839361882545163 0.17265625
0 0.943876739453855 0.91171875 0.08199814846072932 0.16640625
1 0.0797803786090973 0.1046875 0.06410213364309043 0.16953125
2 0.27978037860909727 0.1046875 0.09144588364309048 0.16953125
3 0.488355944813507 0.10390625 0.08706750816812522 0.1828125
4 0.7110303786090972 0.1046875 0.09780498641663211 0.17421875
5 0.9289445772223264 0.10234375 0.08530498641663228 0.17421875
6 0.1016606042921531 0.3734375 0.07827373641663211 0.17421875
7 0.28916060429215307 0.3734375 0.07503963364309048 0.16953125
8 0.48291060429215305 0.3734375 0.08664928086954866 0.16484375
9 0.6790043542921531 0.3734375 0.0781646336430903 0.16953125
1 0.8555304867009724 0.371875 0.06117715539458359 0.178125
1 0.08836639617961858 0.64140625 0.057779398460729325 0.16640625
1 0.14626981515757 0.6453125 0.05014873641663211 0.17421875
1 0.2563896975663894 0.64375 0.05465439846072932 0.16640625
1 0.09700173945385493 0.91171875 0.056216898460729324 0.16640625
1 0.28063185704503546 0.91328125 0.056289633643090475 0.16953125
1 0.4595146975663894 0.64375 0.05167486882545145 0.17265625
1 0.6540095799752089 0.6421875 0.057852133643090296 0.16953125
1 0.8626942489531603 0.64609375 0.05320100123427096 0.17109375
1 0.4618636732494452 0.9125 0.05639873641663211 0.17421875
1 0.6548506070450355 0.91328125 0.0516021336430903 0.16953125
2 0.3344783299752089 0.6421875 0.08505041327836818 0.16328125
3 0.5297908299752089 0.6421875 0.07020666327836818 0.16328125
4 0.7353323151575699 0.6453125 0.0867583836430903 0.16953125
5 0.9376396975663894 0.64375 0.07354986882545163 0.17265625
6 0.16887673945385492 0.91171875 0.07511236882545154 0.17265625
7 0.35168923945385494 0.91171875 0.08058111882545153 0.17265625
8 0.5383898056582647 0.9109375 0.08832088364309047 0.16953125
9 0.7243818570450354 0.91328125 0.0820708836430903 0.16953125
2 0.8571761732494452 0.9125 0.09155498641663229 0.17421875