1 0.0156989123370204 0.09317699703425047 0.030170515421275503 0.11833350593149905
2 0.12356595941492107 0.09190897429683746 0.03314551095704861 0.10986708992388783
3 0.23369493587597073 0.08585795106513286 0.030075058034949274 0.11286475593149906
4 0.34611311525911975 0.07658642733913668 0.028117091720169362 0.09014483893530464
5 0.4555426623370204 0.07525473760552927 0.03146028003177204 0.10277217292769343
6 0.5679881152591197 0.06754571387953308 0.028239822645445934 0.09717608893530465
7 0.6765818652591198 0.06312085764402288 0.024210841720169362 0.08998567144481869
8 0.7884097094149212 0.06481866741612388 0.025841525567545175 0.09395558844101307
9 0.8985386858759707 0.058767644184419286 0.02823982264544611 0.09717608893530465
1 0.9926306950079431 0.0548839574165614 0.014738609984113893 0.08969916996194391
1 0.010087660712167315 0.3091839990114168 0.010366530031772098 0.10191266847906917
1 0.029687094559543166 0.31229441155898696 0.025991530031772105 0.10254933844101313
1 0.11480243425111766 0.3064808102663926 0.026046077109672792 0.10567433844101304
2 0.142091637173217 0.30224163783299074 0.031514827109672794 0.10589717292769336
1 0.22663027840691902 0.3081786200384936 0.019083010957048608 0.10929408695813833
3 0.25381038717321697 0.29768944760509175 0.03320005803494937 0.11299208992388783
1 0.3366774342511176 0.297440096806789 0.024333572645445934 0.09701692144481866
4 0.3647206136342666 0.29160659087528995 0.03029324634655204 0.12536475593149898
1 0.44602516071216736 0.2914209070731816 0.028458010957048606 0.1096760889353047
5 0.47417743425111764 0.29183740114168255 0.033077327109672795 0.10596083992388791
1 0.5561814107121673 0.286932383841477 0.024429030031772214 0.10248567144481875
6 0.5851967548679686 0.29200454441188073 0.029952327109672792 0.10583350593149907
1 0.6694353871732169 0.28075402661738363 0.029802322645445932 0.09723975593149907
7 0.6959706136342666 0.278109187682079 0.03302278003177221 0.10283583992388783
1 0.7780836842511176 0.2794541703818734 0.028389827109672795 0.1057698389353047
8 0.8046461842511177 0.27837183144656874 0.031514827109672794 0.10589717292769345
1 0.8882808445595431 0.27730939715016883 0.025991530031772216 0.10254933844101313
9 0.9148433445595432 0.27622705821486415 0.028335280031772214 0.1026448389353046
2 0.9936358618091903 0.2658532909146586 0.012728276381619353 0.10226283695813834
9 0.9193747061652149 0.49103897471676705 0.022921077109672793 0.1055470044486242
9 0.9224662986961633 0.7129458082148641 0.025991530031772216 0.10254933844101295
9 0.9245584529155089 0.9223844752110587 0.023293224025417912 0.08214133794672165
8 0.8077105032431156 0.498716164944666 0.024333572645445757 0.09701692144481874
8 0.8123100486961633 0.7174343314465688 0.024279025567545177 0.09389192144481875
8 0.8151425426070833 0.9244974149446659 0.024156294642268962 0.08686067144481839
7 0.697499706165215 0.5000796881763705 0.024210841720169362 0.08998567144481875
7 0.6997282280793122 0.7173308551725649 0.022716525567545175 0.0938282544486242
7 0.7033965190681328 0.927487105172565 0.025773341720169363 0.0900493384410133
6 0.5872889090873142 0.5014432114080751 0.025991530031772216 0.10254933844101295
6 0.5911072045403618 0.7201932114080751 0.028389827109672795 0.1057698389353046
6 0.5940897029155087 0.9358500449061724 0.02485572402541756 0.08220500494291585
5 0.4756792532431156 0.5122454016359741 0.024333572645445934 0.09701692144481874
5 0.4794157280793122 0.7263079016359741 0.021154025567545177 0.09376458745242981
5 0.48145333522075706 0.9326215686321685 0.025896072645445932 0.09708058844101294
4 0.3662497061652149 0.5135770913695815 0.024333572645445934 0.09701692144481874
4 0.37008163838773767 0.7331083413695815 0.024210841720169362 0.08998567144481875
4 0.3722147029155088 0.9448907583657759 0.027980724025417736 0.0823323389353046
3 0.25603890908731425 0.5149406146012862 0.024429030031772037 0.10248567144481875
3 0.26070663838773767 0.7375650311031889 0.026046077109672792 0.10567433844101312
3 0.2612635661460335 0.9486298650955778 0.02565061079489279 0.0830180884410133
2 0.14449743709049145 0.5296490548291851 0.021358577109672795 0.10548333745242981
2 0.14981004869616318 0.7444291378329908 0.030020510957048607 0.10973975593149916
2 0.1510527690681329 0.9499933883272824 0.025773341720169363 0.0900493384410133
2 0.11859345616521492 0.5236683102663926 0.026168808034949274 0.11270558844101294
2 0.01705822970416525 0.529369165019028 0.01752051095704863 0.10923041996194396
2 0.3404139090873143 0.511502596806789 0.025841525567545175 0.09395558844101312
2 0.45057015908731424 0.5070140735750843 0.028335280031772214 0.1026448389353046
2 0.5599178855483639 0.5009948838414771 0.031514827109672794 0.10589717292769336
2 0.6709372061652149 0.5011620271116752 0.028389827109672795 0.1057698389353046
2 0.7819292532431156 0.4997666703818734 0.028239822645445934 0.0971760889353046
2 0.8936207297041652 0.4936519801539744 0.025991530031772216 0.10254933844101295
2 0.2288042532431156 0.522304787034688 0.028239822645445934 0.0971760889353046
3 0.018437317770886662 0.7427459155133196 0.011983577109672777 0.10510133547526354
3 0.12242538838773767 0.7431995602663927 0.025896072645445932 0.09708058844101294
3 0.23340379869616318 0.7410229535365908 0.025991530031772125 0.10254933844101295
3 0.34342368100141146 0.7287219303048862 0.028335280031772037 0.1026448389353046
3 0.45282595454036184 0.7258277405712787 0.029952327109672792 0.10583350593149916
3 0.5645719780793121 0.7228380503433798 0.026114260957048607 0.10958058844101295
3 0.6747282280793122 0.7183495271116752 0.029747775567545175 0.09411475593149898
3 0.7880912986961632 0.7184211698875819 0.029747775567545175 0.09411475593149916
3 0.8959037986961633 0.7140281471501688 0.02611426095704843 0.10958058844101312
1 0.040353228079312166 0.7441983275665981 0.03158301095704863 0.10980342292769336
1 0.03851185875970738 0.9522336620532783 0.02351141233702041 0.09464133794672165
4 0.021433452915508744 0.9591839990114168 0.01079322402541768 0.08163200197716627
4 0.1260527690681329 0.9510120602663926 0.028117091720169362 0.0901448389353046
4 0.2369493587597074 0.9441479535365908 0.02976141233702041 0.09489600593149916
4 0.34639254260708324 0.9435975138029834 0.024156294642268695 0.08686067144481875
4 0.45645333522075704 0.9336402405712789 0.03136482264544593 0.09730342292769337
4 0.5681448116818066 0.9275255503433797 0.028308006492821745 0.10108233893530497
4 0.6783556087597074 0.9261620271116751 0.02507391233702041 0.09470500494291585
4 0.7869493587597074 0.921737170876165 0.026636412337020587 0.09476867193911005
4 0.8987772029155089 0.923434980648266 0.024855724025417913 0.08220500494291585
4 0.9959666594943514 0.7081044579108531 0.008066681011297306 0.09457767095052709
3 0.9932626249983525 0.4878237914089502 0.0134747500032951 0.09464133794672147
5 0.9970127366040241 0.9151675414089503 0.005974526791951718 0.08995383794672165