1 0.05625 0.13828125 0.0296875 0.1046875
2 0.15390625 0.14140625 0.028125 0.096875
3 0.25234375 0.13984375 0.025 0.1
4 0.353125 0.1359375 0.0234375 0.0796875
5 0.45078125 0.13828125 0.0265625 0.090625
6 0.5515625 0.1359375 0.0234375 0.0859375
7 0.6484375 0.1359375 0.0203125 0.0796875
8 0.7484375 0.14140625 0.021875 0.0828125
9 0.846875 0.13984375 0.0234375 0.0859375
1 0.93515625 0.13984375 0.0203125 0.0796875
0 0.95625 0.14140625 0.021875 0.0828125
1 0.04453125 0.33125 0.0171875 0.090625
1 0.0671875 0.334375 0.021875 0.090625
1 0.14296875 0.3328125 0.021875 0.09375
2 0.1671875 0.3296875 0.0265625 0.09375
1 0.24296875 0.33828125 0.015625 0.096875
3 0.2671875 0.3296875 0.028125 0.1
1 0.34140625 0.3328125 0.0203125 0.0859375
4 0.36640625 0.328125 0.025 0.1109375
1 0.4390625 0.33125 0.0234375 0.096875
5 0.4640625 0.3328125 0.028125 0.09375
1 0.5375 0.33125 0.0203125 0.090625
6 0.56328125 0.33671875 0.025 0.09375
1 0.6390625 0.3296875 0.025 0.0859375
7 0.6625 0.328125 0.028125 0.090625
1 0.7359375 0.3328125 0.0234375 0.09375
8 0.759375 0.3328125 0.0265625 0.09375
1 0.834375 0.334375 0.021875 0.090625
9 0.8578125 0.334375 0.0234375 0.090625
2 0.934375 0.328125 0.0203125 0.090625
0 0.9578125 0.328125 0.0265625 0.1109375
0 0.95859375 0.52421875 0.021875 0.090625
0 0.95859375 0.72109375 0.021875 0.0828125
0 0.95859375 0.9140625 0.0203125 0.0828125
9 0.85859375 0.5265625 0.01875 0.09375
9 0.8578125 0.725 0.021875 0.090625
9 0.8578125 0.91796875 0.0203125 0.0828125
8 0.75859375 0.5296875 0.0203125 0.0859375
8 0.759375 0.725 0.0203125 0.0828125
8 0.75859375 0.9125 0.0203125 0.0796875
7 0.66015625 0.5265625 0.0203125 0.0796875
7 0.659375 0.72109375 0.01875 0.0828125
7 0.66015625 0.9140625 0.021875 0.090625
6 0.56171875 0.52421875 0.021875 0.090625
6 0.56171875 0.71953125 0.0234375 0.09375
6 0.56171875 0.91640625 0.0203125 0.0796875
5 0.4625 0.5296875 0.0203125 0.0859375
5 0.4625 0.72109375 0.0171875 0.0828125
5 0.46171875 0.9109375 0.021875 0.096875
4 0.3640625 0.5265625 0.0203125 0.0859375
4 0.3640625 0.72265625 0.0203125 0.0796875
4 0.3640625 0.91640625 0.0234375 0.0796875
3 0.265625 0.52421875 0.0203125 0.090625
3 0.26640625 0.72265625 0.021875 0.09375
3 0.26484375 0.9140625 0.021875 0.0765625
2 0.16640625 0.5328125 0.0171875 0.09375
2 0.1671875 0.725 0.025 0.096875
2 0.165625 0.9140625 0.021875 0.090625
2 0.14296875 0.5265625 0.021875 0.1
2 0.046875 0.528125 0.025 0.096875
2 0.34140625 0.52421875 0.021875 0.0828125
2 0.43984375 0.52421875 0.0234375 0.090625
2 0.5375 0.52265625 0.0265625 0.09375
2 0.63671875 0.5265625 0.0234375 0.09375
2 0.7359375 0.5296875 0.0234375 0.0859375
2 0.8359375 0.528125 0.021875 0.090625
2 0.24140625 0.5296875 0.0234375 0.0859375
3 0.04375 0.71953125 0.021875 0.09375
3 0.14296875 0.72265625 0.021875 0.0859375
3 0.2421875 0.725 0.021875 0.090625
3 0.340625 0.71796875 0.0234375 0.090625
3 0.43828125 0.71953125 0.025 0.09375
3 0.53828125 0.72109375 0.021875 0.096875
3 0.63671875 0.72109375 0.025 0.0828125
3 0.73828125 0.725 0.025 0.0828125
3 0.834375 0.725 0.021875 0.096875
1 0.06953125 0.72109375 0.0265625 0.096875
1 0.065625 0.9125 0.01875 0.09375
4 0.0453125 0.91640625 0.0203125 0.0796875
4 0.14375 0.9140625 0.0234375 0.090625
4 0.2421875 0.9109375 0.025 0.090625
4 0.340625 0.9140625 0.0203125 0.0828125
4 0.4390625 0.9125 0.0265625 0.1
4 0.5390625 0.909375 0.0234375 0.1
4 0.6375 0.9125 0.021875 0.09375
4 0.73515625 0.9125 0.021875 0.09375
4 0.834375 0.91640625 0.021875 0.0796875
4 0.934375 0.725 0.0234375 0.0828125
3 0.93359375 0.528125 0.025 0.0828125
5 0.9328125 0.91640625 0.0234375 0.09375