1 0.036515081697087996 0.12447328005422928 0.03674811305535758 0.10798976200205254
2 0.13628756854290838 0.12896131303532482 0.03473058674699834 0.10016817164297294
3 0.23794107380458024 0.12798968637549998 0.03178759727034208 0.10327499092481371
4 0.3421203395895958 0.12390669525429457 0.028996526237772 0.08217215056573406
5 0.441983831697088 0.1268322282353901 0.03275856306947507 0.09312783128389332
6 0.5460265895895958 0.12509298711418468 0.02936054728445949 0.0884221505657341
7 0.6452453395895958 0.1256702249157404 0.025871526237772002 0.08215396984757484
8 0.7480063185429083 0.13252018861499518 0.027616036761115837 0.08528806020665444
9 0.8496598238045803 0.13154856195517034 0.029360547284459314 0.08842215056573406
1 0.9402848238045802 0.13207580278178815 0.025871526237772002 0.08215396984757484
0 0.9620688185429085 0.1337655678089028 0.02761603676111548 0.08528806020665444
1 0.012411910833927243 0.3236193071815924 0.02338356306947502 0.09307328912941557
1 0.03566740031058354 0.32688066256778664 0.028071063069475023 0.0931005602066545
1 0.11388340557225538 0.3257726805217675 0.02825307359281872 0.09622556020665449
2 0.13906541609559908 0.32279312626704143 0.032940573592818725 0.09625283128389324
1 0.21590863715640393 0.3318368490414825 0.02223058674699834 0.10009544877033597
3 0.24140916609559912 0.3233885447867563 0.034912597270342086 0.10329317164297294
1 0.31778965557225536 0.3269589723816576 0.026235547284459492 0.08840396984757479
4 0.34384392135727093 0.32242146330647137 0.03242463410204497 0.11421249092481371
1 0.41866191083392723 0.32598280054229295 0.030043086746998425 0.10014090056573402
5 0.4443521555722554 0.32769529146710663 0.03450307359281872 0.09626192164297294
1 0.5194431608339272 0.3265691287029283 0.02650856306947489 0.0930914698475748
6 0.5456871424180758 0.3321924148072818 0.031378073592818724 0.09624374092481372
1 0.6242216660955991 0.32561568276126274 0.030923047284459493 0.08843124092481372
7 0.6485314213572709 0.3241940833269968 0.03432106306947506 0.09313692164297294
1 0.7240396555722554 0.32932246574235824 0.029815573592818723 0.09623465056573402
8 0.7482584055722554 0.32946336630809225 0.032940573592818725 0.09625283128389324
1 0.8247299003105836 0.33147129390299357 0.028071063069474888 0.0931005602066545
9 0.8489486503105835 0.3316121944687277 0.02963356306947489 0.09310965056573402
2 0.928218921357271 0.32582125760224834 0.02650856306947489 0.0930914698475748
0 0.9524376713572711 0.32596215816798246 0.03398713410204479 0.11422158128389323
0 0.9414792426016024 0.5275292033475222 0.028071063069474888 0.0931005602066545
0 0.929694061215098 0.7298729533475222 0.027616036761115837 0.0852880602066545
0 0.9181363929827733 0.9283104533475222 0.026053536761115482 0.08527896984757462
9 0.8382177347090947 0.5292729896482674 0.025128073592818722 0.09620737948849509
9 0.8255602980609182 0.7331746944687276 0.028071063069474888 0.0931005602066545
9 0.8140026298285935 0.9316121944687275 0.026053536761115836 0.08527896984757462
8 0.7356919741857509 0.5318025711285526 0.026235547284459492 0.08840396984757497
8 0.7247790480609183 0.7325883663080923 0.026053536761115836 0.08527896984757496
8 0.712758648244445 0.9255525711285525 0.025871526237772002 0.08215396984757498
7 0.6343114847090947 0.5280866977883774 0.025871526237772002 0.0821539698475748
7 0.621881561215098 0.7280821526088376 0.024491036761115838 0.0852698794884951
7 0.6111051429827732 0.9265241977883774 0.028071063069475065 0.0931005602066545
6 0.5328854926016025 0.5251520744482022 0.028071063069474888 0.0931005602066545
6 0.5211913164767699 0.7259333244482022 0.029815573592818723 0.09623465056573402
6 0.5094061350902653 0.9282770744482022 0.025871526237772002 0.08215396984757498
5 0.43100447418575094 0.5300299511080271 0.026235547284459492 0.08840396984757479
5 0.419537811215098 0.726904951108027 0.022928536761115836 0.08526078912941557
5 0.4073809035061169 0.9222129059284873 0.028480586746998427 0.10013181020665449
4 0.32962398470909465 0.5263140777678519 0.026235547284459492 0.08840396984757479
4 0.3178843059534261 0.7278765777678519 0.025871526237772093 0.0821539698475748
4 0.30628113509026533 0.9270953277678519 0.028996526237772092 0.08217215056573401
3 0.22819799260160245 0.5233794544276767 0.026508563069475067 0.0930914698475748
3 0.2171030559534261 0.7272902496072164 0.02825307359281872 0.09622556020665449
3 0.20407389298277315 0.924156159248137 0.027252015714428347 0.07903806020665449
2 0.12613496366240723 0.5313823310875015 0.023565573592818724 0.09619828912941557
2 0.11540404806091834 0.7290431262670414 0.031605586746998336 0.10014999092481372
2 0.10251139298277312 0.9235652859079618 0.028071063069475023 0.0931005602066545
2 0.10228023470909464 0.5249914305217676 0.02866259727034204 0.10325681020665449
2 0.009386636410460978 0.5259766927202117 0.018773272820921956 0.10014999092481372
2 0.3063229926016024 0.5238339723816576 0.027616036761115747 0.0852880602066545
2 0.40788549260160245 0.5244248457218328 0.02963356306947489 0.09310965056573402
2 0.5079764978632743 0.5234441287029282 0.032940573592818725 0.09625283128389342
2 0.6100927347090946 0.5279457972226432 0.029815573592818723 0.09623465056573402
2 0.7122544741857509 0.5316662157423583 0.02936054728445949 0.08842215056573402
2 0.8146892294474227 0.5306991342620732 0.028071063069474888 0.0931005602066545
2 0.20287947418575092 0.5287027586824029 0.02936054728445949 0.08842215056573402
3 0.0012526766365895824 0.7228335120020526 0.0025053532731791647 0.09622556020665449
3 0.09054055595342611 0.7265539305217675 0.02779804728445947 0.08841306020665449
3 0.19196654806091834 0.7294885538619427 0.028071063069475065 0.0931005602066545
3 0.2939385717384416 0.7230481772021179 0.029633563069475066 0.09310965056573402
3 0.39462881647676984 0.7251970053627532 0.031378073592818724 0.09624374092481372
3 0.49688156121509797 0.7273549238824681 0.028480586746998427 0.10013181020665449
3 0.598444061215098 0.7279457972226433 0.030741036761115836 0.08530624092481372
3 0.7029040480609183 0.7324611012809776 0.030741036761115836 0.08530624092481372
3 0.8013415480609183 0.7330337939029936 0.028480586746998427 0.10013181020665449
1 0.015717177294298564 0.7245505481064061 0.03143435458859713 0.10015908128389342
1 0.006020717520427167 0.921402822208707 0.012041435040854333 0.09620737948849509
4 0.07985514298277312 0.9234334757013073 0.02963356306947502 0.09310965056573402
4 0.18081840350611683 0.9208948038619426 0.031196063069475023 0.0931187409248139
4 0.2821988929827731 0.9246106772021179 0.026053536761115836 0.08527896984757462
4 0.38385239824444495 0.9236390505422929 0.033350097270342084 0.10328408128389341
4 0.4863781587677886 0.921109469062008 0.030225097270341904 0.10326590056573401
4 0.587758648244445 0.9248253424021831 0.02825307359281872 0.09622556020665449
4 0.688539898244445 0.9254116705628185 0.02825307359281872 0.09622556020665414
4 0.7898748850902655 0.9299087939029935 0.027434026237772004 0.08216306020665413
4 0.9044665480609183 0.7336337576022484 0.029178536761115835 0.08529715056573402
3 0.9154704794474228 0.5312854624227086 0.030741036761115836 0.08530624092481354
5 0.8914373850902653 0.9304996672431688 0.029815573592818723 0.09623465056573437