1 0.12501106588164182 0.8789582389187235 0.06459939668204476 0.11659767978275468
2 0.5045638479074134 0.7088902368825586 0.09432325934913557 0.12127853573022022
3 0.8495341866247745 0.3533041367008445 0.08416700934913593 0.1207462692218769
5 0.5057841866247748 0.3352889625722991 0.09432325934913557 0.12127853573022022
6 0.8467695292409587 0.7252610238559742 0.09430507801559003 0.11971603573022023
8 0.8520217452657757 0.5426122981662338 0.10144541601686256 0.12945952792830404
5 0.5024002692155054 0.8948277368825586 0.1091488280155902 0.120493963703953
5 0.15065759790741334 0.6903427962456699 0.09741189668204475 0.11831731004047974
5 0.14815185793286673 0.5025971347802806 0.09584939668204476 0.11823542288534998
8 0.8492298158816418 0.9169129353213634 0.10444314668204484 0.11868580223856355
8 0.15031543662477465 0.31665963478028053 0.10760450934913561 0.12197457654882307
9 0.4981154952657759 0.5240648575293451 0.11232837201622665 0.12534523801421252