1 0.14338510482699754 0.893432921347863 0.06623910672980182 0.11165566267504516
2 0.5068388152836706 0.710250988064906 0.09605394072219049 0.1151261080124085
3 0.8270651546760858 0.347744634110404 0.08667894072219048 0.11501702001113587
5 0.4887839046760858 0.3438083753978153 0.09605394072219049 0.1151261080124085
6 0.8434938982874762 0.7126065654439494 0.09599027372599629 0.1135636080124085
8 0.8392971937251211 0.5329554281110404 0.10265410920125966 0.12379258334659031
5 0.5143196873365115 0.8938447380649063 0.1108340237259963 0.11373633068109043
5 0.15840131528367057 0.706196550684272 0.09905160672980182 0.1120374706794994
5 0.14620110973273237 0.5217670066836355 0.09748910672980178 0.11201928934595387
8 0.8558851048269975 0.9017236094445857 0.10608285672980174 0.11211928668045382
8 0.13878390467608576 0.3397357566836356 0.10933519072219058 0.11528064934754471
9 0.4908596937251211 0.5289009907304061 0.1141818582126767 0.11924144334818117