1 0.49364143657189175 0.12709897501746567 0.014176129488495092 0.019858558320624997
0 0.5147351865718918 0.12758993749840322 0.021207379488495093 0.02002221248093754
0 0.5381726865718918 0.12813545136611157 0.01963124394987581 0.017642094889756967
1 0.03818684299135826 0.2531983883927431 0.012599993949875788 0.017478440729444423
7 0.037319755460949025 0.37269327080156256 0.012563632513557322 0.011228440729444423
3 0.05998055064048883 0.3740018508736806 0.012563632513557322 0.011228440729444423
7 0.074038505460949 0.3735479091943056 0.014135222872636933 0.012827308320624998
2 0.20841805064048885 0.3774567720358335 0.012563632513557365 0.011228440729444423
2 0.23654305064048886 0.3781113886770835 0.011001132513557365 0.011192073138263935
2 0.26701180064048885 0.3788205567051044 0.012563632513557365 0.011228440729444423
0 0.25216805064048886 0.37847506458888913 0.014135222872636887 0.012827308320624998
0 0.28263680064048885 0.37918423261691 0.014135222872636887 0.012827308320624998
2 0.04621803249011621 0.42523704255305556 0.014135222872636933 0.012827308320624908
2 0.06184303249011621 0.42560071846486114 0.012572722872636933 0.012790940729444422
2 0.4501242824901162 0.43463806487322953 0.014135222872636887 0.012827308320625086
1 0.2219992824901162 0.4293283965608682 0.009447722872636889 0.012718205547083273
1 0.23606632766965605 0.43043695488149325 0.011010222872636888 0.012754573138263937
8 0.467316327669656 0.43581935837621566 0.015697722872636887 0.012863675911805572
8 0.4829367824901162 0.43540178428802123 0.015697722872636887 0.012863675911805572
2 0.8155361799325924 0.5407861474138895 0.014135222872636887 0.012827308320625086
2 0.8436566347530526 0.5406595140551396 0.012572722872636888 0.012790940729444422
2 0.8733486799325924 0.5421317482875703 0.012563632513557365 0.0112284407294446
0 0.8585003847530526 0.5410050061713548 0.014135222872636887 0.012827308320624908
0 0.8897503847530526 0.541732357994966 0.014135222872636887 0.012827308320624908
1 0.186430983794535 0.7604868243725349 0.007876132513557321 0.011119337955902786
2 0.4098684837945349 0.7656873899113545 0.014135222872636887 0.012827308320624908
1 0.630180983794535 0.770815220267813 0.007876132513557366 0.011119337955902786
9 0.642680983794535 0.7711061609972575 0.012563632513557365 0.011228440729444423
2 0.8171451734896846 0.8173486474138896 0.012572722872636888 0.012790940729444599
2 0.8460514234896847 0.8180214478507299 0.014135222872636887 0.012827308320624908
2 0.8749576734896847 0.8186942482875701 0.012572722872636888 0.012790940729444599
0 0.8601139234896846 0.8183487561713548 0.014135222872636887 0.012827308320625263
0 0.8913639234896846 0.819076107994966 0.014135222872636887 0.012827308320625263
2 0.14028321252090442 0.8843957966371182 0.012572722872636976 0.012790940729444599
7 0.43281160098639004 0.9497902861878824 0.012563632513557365 0.0112284407294446
1 0.18768999852706203 0.9768930743725349 0.00786704215447771 0.009556837955902609
1 0.4095695437066018 0.9828385223201739 0.009438632513557366 0.011155705547083273
1 0.6298820437066018 0.9879663526766326 0.007876132513557366 0.011119337955902609
4 0.643158748527062 0.9874942272016671 0.012563632513557365 0.0112284407294446