1 0.5079985276748141 0.1289160481557296 0.015553078130301046 0.020657992116215284
0 0.5306547776748142 0.12944337822784766 0.022584328130301045 0.020821646276527783
0 0.5548735276748141 0.1300070758911463 0.020939982576804895 0.018441528685347208
1 0.03874507458692207 0.26006598423243055 0.013908732576804838 0.018277874525034755
7 0.04152038892222511 0.38424836664125 0.013690477767481423 0.012027874525034754
3 0.06498517077339053 0.38557513050895836 0.013690477767481423 0.012027874525034754
7 0.07980163892222511 0.38513937262517367 0.01530754146981228 0.01362674211621524
2 0.21967267077339053 0.3891755220358335 0.013690477767481469 0.012027874525034754
2 0.24857892077339053 0.3898483224726738 0.012127977767481469 0.011991506933854179
2 0.2806101707733905 0.3905938580918752 0.013690477767481469 0.012027874525034754
0 0.2649851707733905 0.39023018218006966 0.015307541469812235 0.01362674211621524
0 0.2970164207733905 0.3909757177992711 0.015307541469812235 0.01362674211621533
2 0.05277783665263963 0.43837282218833334 0.01530754146981228 0.01362674211621524
2 0.06840283665263963 0.4387364981001389 0.01374504146981228 0.013590374525034754
2 0.47230908665263965 0.4481375204203129 0.015307541469812235 0.01362674211621524
1 0.23559033665263965 0.4426278303564585 0.010620041469812236 0.013517639342673604
1 0.24968011850380503 0.4437363886770836 0.012182541469812236 0.013554006933854269
8 0.49030511850380504 0.4493369977188893 0.016870041469812237 0.013663109707395904
8 0.5066840866526396 0.4489376074262852 0.016870041469812237 0.013663109707395904
2 0.8555432273041452 0.5585373450771882 0.015307541469812235 0.01362674211621524
2 0.8844221954529798 0.5584288955140285 0.013745041469812235 0.013590374525034754
2 0.9156994773041452 0.5599374973376396 0.013690477767481469 0.012027874525034754
0 0.9000471954529798 0.558792571425834 0.015307541469812235 0.01362674211621524
0 0.9320784454529798 0.5595381070450355 0.015307541469812235 0.01362674211621524
1 0.2086136967189242 0.7878123905769445 0.009002977767481468 0.01191877175149294
2 0.44064494671892424 0.7932129778672573 0.015307541469812235 0.01362674211621524
1 0.6695511967189243 0.7985408299752088 0.009002977767481468 0.011918771751493118
9 0.6828324467189242 0.7988499545002437 0.013690477767481469 0.012027874525034754
2 0.8656102303841882 0.8468185950771883 0.013745041469812235 0.013590374525034577
2 0.8952977303841883 0.8475095793096188 0.015307541469812235 0.01362674211621524
2 0.9257664803841882 0.8482187473376396 0.013745041469812235 0.013590374525034577
0 0.9101414803841882 0.8478550714258339 0.015307541469812235 0.01362674211621524
0 0.9421727303841883 0.8486006070450355 0.015307541469812235 0.01362674211621524
2 0.16389645216121979 0.9155730614547573 0.01374504146981228 0.013590374525034577
7 0.46995796840328863 0.9843653079393754 0.013690477767481469 0.012027874525034576