1 0.49765625 0.13203125 0.0140625 0.01875
0 0.51875 0.13203125 0.0203125 0.01875
0 0.54140625 0.13203125 0.01875 0.0171875
1 0.0515625 0.265625 0.0125 0.0171875
7 0.05 0.3828125 0.0125 0.0109375
3 0.071875 0.38359375 0.0125 0.0109375
7 0.0859375 0.3828125 0.0140625 0.0125
2 0.2171875 0.38359375 0.0125 0.0109375
2 0.24453125 0.38359375 0.0109375 0.0109375
2 0.275 0.38359375 0.0125 0.0109375
0 0.26015625 0.38359375 0.0140625 0.0125
0 0.28984375 0.38359375 0.0140625 0.0125
2 0.05859375 0.43359375 0.0140625 0.0125
2 0.0734375 0.43359375 0.0125 0.0125
2 0.453125 0.43359375 0.0140625 0.0125
1 0.23046875 0.43359375 0.009375 0.0125
1 0.24375 0.434375 0.0109375 0.0125
8 0.4703125 0.434375 0.015625 0.0125
8 0.4859375 0.43359375 0.015625 0.0125
2 0.81015625 0.52890625 0.0140625 0.0125
2 0.8375 0.528125 0.0125 0.0125
2 0.8671875 0.52890625 0.0125 0.0109375
0 0.85234375 0.528125 0.0140625 0.0125
0 0.8828125 0.528125 0.0140625 0.0125
1 0.19375 0.75859375 0.0078125 0.0109375
2 0.4125 0.75859375 0.0140625 0.0125
1 0.62734375 0.75859375 0.0078125 0.0109375
9 0.63984375 0.75859375 0.0125 0.0109375
2 0.81015625 0.8 0.0125 0.0125
2 0.83828125 0.8 0.0140625 0.0125
2 0.8671875 0.8 0.0125 0.0125
0 0.85234375 0.8 0.0140625 0.0125
0 0.8828125 0.8 0.0140625 0.0125
2 0.14765625 0.88046875 0.0125 0.0125
7 0.43359375 0.93828125 0.0125 0.0109375
1 0.19375 0.9703125 0.0078125 0.009375
1 0.4109375 0.97109375 0.009375 0.0109375
1 0.6265625 0.97109375 0.0078125 0.0109375
4 0.6390625 0.9703125 0.0125 0.0109375