1 0.09758878393541207 0.481787597270342 0.057208898750768844 0.622443418373499
1 0.38676946260345746 0.4884673206796341 0.057436165420086914 0.6419746683734993
1 0.49840639660250297 0.5020054468891713 0.05901684675363228 0.643628173635171
2 0.028757979322489136 0.4743853499717652 0.05751595864497827 0.6292394499435303
3 0.8696274159373211 0.5126816965362354 0.07532309941913233 0.6359899788827255
3 0.9539569626034574 0.5215022306665154 0.07993787408495052 0.6300129946677409
5 0.5837717319382756 0.48899648365028703 0.08190945408972325 0.6652602499294128
7 0.671843896602503 0.5121070309347466 0.08775037408495052 0.6304680209761002
6 0.7875961659373211 0.5079039202984633 0.08799582208781409 0.6515617709761002
8 0.3015677592695939 0.48741378391851836 0.08299014875076889 0.6239450051910846
9 0.21250525926959382 0.48222648400322293 0.08455264875076889 0.6240360104527565