1 0.1117058279360484 0.47177552693097136 0.05718162675045071 0.6174783914905477
1 0.4001052566040938 0.4632964481811608 0.057408893419768604 0.6370096414905477
1 0.5117421906031392 0.4709776588553535 0.05898957475331414 0.6385812318496275
2 0.035809683322727756 0.4681823734383711 0.07161936664545551 0.6238647468767422
3 0.8814007099379573 0.4621900287776831 0.07452366808558679 0.6308596354404236
3 0.9618330972708666 0.46578318227028337 0.07287935208463239 0.623819295081344
5 0.5963262759389119 0.4534997882456528 0.08189127275617772 0.6598067920562819
7 0.6843984406031393 0.4719821435336512 0.08772310208463238 0.6239056534926004
6 0.7993694599379575 0.4617127849260031 0.08796855008749596 0.6449994034926003
8 0.31568480327023013 0.46671181879086143 0.08296287675045075 0.6176283824153614
9 0.22584105327023019 0.4661891231437834 0.08452537675045066 0.6176374727744411