0 0.17979383392745557 0.26157092532595916 0.05501176042484128 0.06577105032431163
1 0.3429841557142102 0.26184584050564863 0.021386918184115533 0.09095228246740401
2 0.5077369775009648 0.26209348214638784 0.05682431301126591 0.07439207386326192
3 0.6719813339274555 0.2529797605566021 0.06344638605166182 0.0604523047885384
4 0.8344586018741442 0.2509245625057668 0.05501176042484133 0.06577105032431163
5 0.1712609537482884 0.5279908120954344 0.058295884798020656 0.07129434740221222
6 0.332820579375109 0.5306367508140741 0.059699260424841236 0.06585287094116268
7 0.4994768819615338 0.519138368915863 0.045060098904643374 0.0726250223211343
8 0.6594512755350431 0.5225928311734531 0.05354018863808676 0.06886877678536116
9 0.8274654896416657 0.5180984257362915 0.06360551042484133 0.06592105478853831
1 0.1627962697290553 0.7920669488649096 0.027417957838416517 0.05670001339268058
2 0.3298701094624986 0.7930549301972232 0.059540136051661904 0.060384120941162675
3 0.4893360376757439 0.7871480292242884 0.05501176042484133 0.06577105032431163
4 0.6549837697290554 0.7834757840955524 0.054920832211595896 0.06264605032431163