0 0.2375 0.25625 0.0484375 0.059375
1 0.38671875 0.259375 0.0171875 0.0828125
2 0.5375 0.2625 0.05 0.0671875
3 0.68828125 0.25625 0.05625 0.0546875
4 0.83671875 0.25703125 0.0484375 0.059375
5 0.23671875 0.50078125 0.0515625 0.0640625
6 0.384375 0.50546875 0.053125 0.059375
7 0.53671875 0.49765625 0.0390625 0.065625
8 0.68359375 0.503125 0.046875 0.0625
9 0.8375 0.5015625 0.05625 0.059375
1 0.2359375 0.7421875 0.0234375 0.0515625
2 0.3890625 0.74609375 0.053125 0.0546875
3 0.53515625 0.74296875 0.0484375 0.059375
4 0.68671875 0.7421875 0.0484375 0.05625