0 0.18053185025411383 0.25805428680821485 0.055248213097709886 0.0656828120344933
1 0.3388980870999342 0.2545739141869704 0.023110547284459493 0.08911815798171734
2 0.4988723265765905 0.25023951695862 0.05726573940606912 0.07356808664159917
3 0.6594381002541139 0.23574886973026957 0.06352344468185844 0.06061432237357547
4 0.8172050976232779 0.229179884412578 0.05524821309771007 0.0656828120344933
5 0.16459822418575093 0.5182469241117678 0.058646228882725415 0.07051586124870504
6 0.3213564584007354 0.5156205760976291 0.05993571309770988 0.0659011358558109
7 0.4835302347090947 0.5002759042621729 0.045455984144397374 0.07145977708830528
8 0.6394617162932432 0.49846719355158714 0.05386772362105354 0.06873503742738744
9 0.8028339715549151 0.4892997471090251 0.0638419630977097 0.06608307237357547
1 0.14884660864073176 0.7753145614153207 0.028185184158514696 0.05585189371369363
2 0.31111909548655214 0.7716522522763116 0.05961719468185844 0.06043238585581072
3 0.4667698560098958 0.7612861788692789 0.055248213097709886 0.0656828120344933
4 0.6277528586407317 0.7530091443373754 0.05506620257436623 0.06255781203449332