2 0.061928382678226736 0.08763926285158127 0.017478401336727113 0.025700336958138316
2 0.4838890300763602 0.5819502673373866 0.013572151336727244 0.0255411694676523
2 0.5346702800763602 0.5840194447137044 0.017478401336727244 0.025700336958138337
2 0.5690361894095874 0.5846388686299809 0.013572151336727067 0.0255411694676523
0 0.49533977200031815 0.022526187793622105 0.01333579400063627 0.005228669467652325
0 0.5789335220003181 0.025932372090022048 0.01489829400063627 0.005292336463846725
0 0.7066419933561353 0.19668256528367056 0.013553970003181703 0.023978669467652303
0 0.5018577800763602 0.5826824377936222 0.013553970003181703 0.023978669467652303
0 0.5502952800763602 0.5846561146756482 0.015116470003181703 0.02404233646384668
0 0.5854424394095874 0.585307372090022 0.015134651336727067 0.025604836463846682
1 0.11960780673136066 0.48121019072219057 0.01041078866963625 0.022288835475263547
6 0.6219515567313607 0.5016791299986874 0.013535788669636162 0.02241616946765248
3 0.06804640141626891 0.6134205128515813 0.01511647000318166 0.02404233646384668
1 0.556491830760632 0.7145346156642314 0.011991470003181704 0.023915002471457926
9 0.7996429414385406 0.807215500074362 0.017478401336727067 0.025700336958138337
4 0.8183929414385407 0.8079795040286948 0.017478401336727244 0.025700336958138337
1 0.12487185013522106 0.9983220948668038 0.007903406667727264 0.003355810266392467