2 0.5546775763162026 0.005019687604698492 0.016525301088459086 0.010039375209396984
2 0.6031696400185333 0.0031104311945577 0.016525301088459086 0.0062208623891154
2 0.6382713263162026 0.002664148212840342 0.01490823738612832 0.005328296425680684
2 0.12634919047402038 0.1118920703066609 0.018087801088459088 0.026581770678164453
2 0.5328446609002897 0.5773264017809735 0.014962801088459089 0.02643622146395259
2 0.5844071609002897 0.5749248397464802 0.018087801088459088 0.026581770678164317
2 0.6195906927514552 0.5725061610865985 0.014962801088459089 0.026436221463952768
0 0.5718377944650371 0.0049918586138398115 0.014962801088459089 0.009983717227679623
0 0.6219196400185334 0.002655589900146094 0.014962801088459089 0.005311179800292188
0 0.6562127944650371 0.0030451378737581247 0.016525301088459086 0.0060902757475162494
0 0.7781175323993196 0.16499325992930663 0.01490823738612832 0.02487372146395268
0 0.5508134109002897 0.5764894937992562 0.01490823738612832 0.02487372146395277
0 0.6008134109002896 0.5741607063718688 0.01647073738612832 0.024946496071058633
0 0.6359969427514551 0.5717420277119869 0.016525301088459086 0.02650899607105863
1 0.1663689782308176 0.5070375963615088 0.01094742368379742 0.023129284946188024
6 0.6780877282308175 0.4832039125343405 0.014853673683797553 0.02331122146395259
3 0.10768840427686768 0.6462670703066609 0.016470737386128233 0.024946496071058633
1 0.6008902780533323 0.7059736325505511 0.01256448738612832 0.024764559553294062
9 0.8440375881274662 0.7788866319313786 0.018087801088459088 0.026581770678164317
4 0.8627875881274661 0.7780133366461083 0.018087801088459088 0.026581770678164317