2 0.51171875 0.025 0.0140625 0.0234375
2 0.55546875 0.02421875 0.0140625 0.0234375
2 0.5875 0.025 0.0125 0.021875
2 0.125 0.11171875 0.015625 0.0234375
2 0.51015625 0.553125 0.0125 0.0234375
2 0.55703125 0.553125 0.015625 0.0234375
2 0.5890625 0.55234375 0.0125 0.0234375
0 0.52734375 0.02578125 0.0125 0.0234375
0 0.57265625 0.02421875 0.0125 0.0234375
0 0.60390625 0.02578125 0.0140625 0.0234375
0 0.7203125 0.18828125 0.0125 0.021875
0 0.5265625 0.553125 0.0125 0.021875
0 0.571875 0.553125 0.0140625 0.021875
0 0.60390625 0.55234375 0.0140625 0.0234375
1 0.17421875 0.4734375 0.009375 0.0203125
6 0.6390625 0.4734375 0.0125 0.0203125
3 0.125 0.59765625 0.0140625 0.021875
1 0.57578125 0.6734375 0.0109375 0.021875
9 0.8 0.75 0.015625 0.0234375
4 0.8171875 0.75 0.015625 0.0234375
3 0.6375 0.96171875 0.0125 0.0203125
1 0.17421875 0.96171875 0.0078125 0.0203125