1 0.599841706240721 0.3567791297169487 0.0056701458615570745 0.018886392319867974
1 0.8876216672311404 0.4002553112288994 0.00789106512886235 0.016610838479802048
0 0.8986001108087052 0.40135480997525813 0.012783283016686653 0.02065348079967002
6 0.41211705619529254 0.436343294602359 0.011016065128862352 0.016701766693047303
6 0.7630332615315024 0.7616976134196127 0.009453565128862352 0.016656302586424764
1 0.5738358061952924 0.44104882963780645 0.0054654279737327725 0.014980142319868151
1 0.7378983061952925 0.44582256083318794 0.00789106512886235 0.016610838479802048
2 0.6972157524863908 0.5179643337944416 0.011138895861557075 0.019045516693047305
0 0.7081532524863908 0.5182825825408003 0.011138895861557075 0.019045516693047305
1 0.37964979420950484 0.5461669239901032 0.008013895861557074 0.018954588479802227
3 0.4286992051090673 0.752749544602359 0.011138895861557075 0.019045516693047305
4 0.5919395115315024 0.7567192937444291 0.011016065128862352 0.016701766693047303
2 0.7536582615315024 0.7614248287798766 0.009453565128862352 0.016656302586424764
2 0.6412921376053557 0.8946655746232416 0.009576395861557074 0.019000052586424943
0 0.6514483876053557 0.8949610913162889 0.011220783016686654 0.020608016693047303