1 0.6078125 0.33671875 0.0046875 0.0171875
1 0.87421875 0.36953125 0.00625 0.015625
0 0.884375 0.3703125 0.0109375 0.01875
6 0.42890625 0.41640625 0.009375 0.015625
6 0.73984375 0.71015625 0.0078125 0.015625
1 0.57890625 0.41640625 0.0046875 0.0140625
1 0.73203125 0.41640625 0.00625 0.015625
1 0.73046875 0.94921875 0.00625 0.0140625
2 0.690625 0.484375 0.009375 0.0171875
0 0.70078125 0.484375 0.009375 0.0171875
1 0.39296875 0.51953125 0.00625 0.0171875
3 0.42890625 0.7109375 0.009375 0.0171875
4 0.58046875 0.71015625 0.009375 0.015625
2 0.73125 0.71015625 0.0078125 0.015625
2 0.6203125 0.8375 0.0078125 0.0171875
0 0.6296875 0.8375 0.009375 0.01875
8 0.7390625 0.9484375 0.0078125 0.015625