1 0.6427392342198502 0.32397591470908593 0.005419670456235437 0.017996021077238834
1 0.9238274081361268 0.3599780889843375 0.006918503460041236 0.016442611436318443
0 0.9340154916342239 0.36081842631835503 0.012514587452429993 0.019599427693097127
6 0.4586454185162502 0.40647882161953175 0.010824753460041059 0.016465337334017605
6 0.7970009002646424 0.7169679114876322 0.008481003460041237 0.016451701795398142
1 0.6156766685162502 0.40739240270703336 0.005292336463846681 0.014871021077238922
1 0.7766141685162502 0.40832870969223406 0.0069185034600410585 0.016442611436318443
1 0.7970632031538424 0.9676900741536146 0.006854836463846681 0.014880111436318445
2 0.7357928503411922 0.47994917963800476 0.010888420456235438 0.018027837334017603
0 0.7467303503411922 0.480012812151562 0.010888420456235438 0.018027837334017603
1 0.42478902475176045 0.5148498578220811 0.006982170456235437 0.018005111436318444
3 0.47125148376273973 0.7158538216195318 0.010888420456235438 0.018027837334017603
4 0.6298134002646425 0.7159952430661131 0.010824753460041237 0.016465337334017605
2 0.7884071502646425 0.7169179145126943 0.008481003460041237 0.016451701795398142
2 0.6774444284392629 0.8498344327612628 0.008544670456235437 0.01801420179539832
0 0.6868194284392629 0.8498889749157403 0.010952087452429992 0.01959033733401725
8 0.8064063696557451 0.9669633663080923 0.008481003460040881 0.016451701795397965