1 0.07365781513494638 0.8714682775025899 0.033892180342067244 0.06629924214211727
2 0.12596973163684919 0.8698115781645438 0.04430309832684483 0.07302227708830529
3 0.186094148138752 0.8677910057909684 0.04127359882113639 0.07522047787409356
4 0.24006406513494638 0.8637177818458163 0.04439859882113639 0.07536602708830528
5 0.2962822316368492 0.8618791459900053 0.04159193380210837 0.08303297787409321
6 0.35344081562923796 0.8560978728306416 0.039615598326844824 0.07280395326698752
7 0.41421914813875194 0.8571659131535132 0.042963432813525236 0.0784182524811996
8 0.472190815629238 0.8505670026905964 0.047428098326844824 0.07316782630251666
9 0.5282179811425576 0.8534158668347855 0.04500343528498316 0.09020977708830528
0 0.5908453151349464 0.8473798825505512 0.04993101581733086 0.07718323821317555
1 0.6555298976444603 0.8482659863556581 0.03083084733826169 0.06771619292790554