1 0.06219639171296134 0.9045508957416561 0.03386034684397003 0.06533583992388756
2 0.11372705821486415 0.9032311348672412 0.04430309832684483 0.07278092539915129
3 0.17307022471676697 0.9015930390118545 0.041241765323039206 0.07421609140676252
4 0.22704014171296136 0.8978340276431478 0.0443667653230392 0.07434342539915165
5 0.28325830821486414 0.8963232657801499 0.0415601003040111 0.08202859140676252
6 0.33960380870915574 0.8916875039171515 0.03883434832684483 0.07255809091247087
7 0.40041397471676693 0.8923294910655704 0.04293159931542796 0.07740475840295709
8 0.4575725587091558 0.8868806457044751 0.04742809832684465 0.07290825939154004
9 0.5128503077205726 0.8893079673395743 0.04497160178688588 0.08918717539915164
0 0.5754776417129613 0.8836362874917985 0.04911793231923358 0.07609692638773424
1 0.6393809742224754 0.8849321906478285 0.030799013840164414 0.06677100593149916