1 0.4656547775801071 0.24612485339749704 0.0061052474927175025 0.02193863466740904
3 0.6104373948271504 0.02429640141626891 0.007576819279472247 0.018831816000954498
1 0.3732590259307545 0.38650385805217946 0.0061507115993402195 0.02350113466740904
4 0.3810487938774431 0.3873760147199067 0.009275711599340219 0.023537497334499946
2 0.39745504387744307 0.38756691872213384 0.009275711599340219 0.023537497334499946
2 0.4146652759307544 0.3869856633911337 0.009275711599340219 0.023537497334499946
0 0.4060487938774431 0.3876669160566338 0.009275711599340219 0.023537497334499946
0 0.4224777759307544 0.3870765700588609 0.009275711599340219 0.023537497334499946
2 0.4287923089211379 0.5192259987269063 0.006014319279472246 0.01881363466740904
9 0.4350423089211379 0.5192987240610881 0.007576819279472247 0.01883181600095458
1 0.3300018047645028 0.6376481873806342 0.0061052474927175025 0.02193863466740904
3 0.3385955547645028 0.6377481847151342 0.009275711599340219 0.023537497334499946
2 0.3526807868178142 0.6371305667170432 0.009230247492717503 0.021974997334499945
2 0.3706268047645028 0.6381209020528157 0.009275711599340219 0.023537497334499946
0 0.3620330547645028 0.6380209047183157 0.009275711599340219 0.023537497334499946
1 0.3776580547645028 0.6382027180537703 0.0061507115993402195 0.023501134667409218
2 0.42140439159495224 0.7731322487269063 0.006014319279472246 0.01881363466740904
9 0.4276543915949523 0.7732049740610881 0.00753135517284953 0.017269316000954583
1 0.3226366194916285 0.8907731873806342 0.0061507115993402195 0.023501134667409218
4 0.3312076374383171 0.8916544347151341 0.009343907759274295 0.025881247334499945
2 0.34605138743831715 0.8918271573838158 0.009275711599340219 0.023537497334499946
0 0.35464513743831716 0.8919271547183157 0.009275711599340219 0.023537497334499946
2 0.3632388874383171 0.8920271520528157 0.009275711599340219 0.023537497334499946
1 0.3710513874383171 0.8921180587205431 0.0061507115993402195 0.023501134667409218
1 0.4300650230942676 0.9858049713955881 0.003670569279472247 0.018786362667090727
2 0.4355110410409562 0.986649856062997 0.006014319279472246 0.018813634667409217
1 0.6222297910409562 0.9888225254216778 0.006014319279472246 0.018813634667409217
0 0.6285025230942676 0.9881140007558595 0.006014319279472246 0.018813634667409217