1 0.49168478398910553 0.24672451662654044 0.005870568401734033 0.020448892319868062
3 0.6083963289250777 0.04110030542291161 0.007251057878390199 0.017369356426490724
1 0.4165622286003767 0.3763461689755383 0.0059615736634057725 0.022011392319867974
4 0.4236389812312127 0.3773320074553404 0.00908657366340595 0.022102320533113406
2 0.4392639812312127 0.3777866485215672 0.00908657366340595 0.022102320533113406
2 0.4548434786003767 0.377460039587794 0.009086573663405772 0.022102320533113406
0 0.4470764812312127 0.3780139690546806 0.00908657366340595 0.022102320533113406
0 0.4626559786003767 0.3776873601209074 0.009086573663405772 0.022102320533113406
2 0.47922039427245283 0.5013976447606435 0.005688557878390376 0.017323892319867973
9 0.48468914427245285 0.5015567691338229 0.007251057878390377 0.017369356426490866
1 0.39666477048199 0.6105249406831507 0.005870568401734033 0.020448892319867972
3 0.40447727048199 0.6107522612162641 0.00908657366340595 0.022102320533113406
2 0.41771301785115417 0.6103574561225569 0.008995568401734034 0.020539820533113408
2 0.43416477048199004 0.611616079242095 0.009086573663405772 0.022102320533113406
0 0.42635227048199004 0.6113887587089816 0.009086573663405772 0.022102320533113406
1 0.44041477048199 0.6117979356685858 0.0059615736634057725 0.02201139231986815
2 0.49300769141573797 0.7381163947606435 0.005688557878390376 0.017323892319867973
9 0.498476441415738 0.7382755191338228 0.007160052616718459 0.015806856426490868
1 0.4103610623636033 0.8456811906831507 0.00596157366340595 0.02201139231986815
4 0.41821906499443917 0.846689761216264 0.009177578925077867 0.023664820533113584
2 0.4322815649944392 0.8470989381758681 0.009086573663405772 0.022102320533113583
0 0.4400940649944392 0.8473262587089817 0.009086573663405772 0.022102320533113583
2 0.4479065649944392 0.847553579242095 0.009086573663405772 0.022102320533113583
1 0.4557190649944392 0.8477808997752085 0.0059615736634057725 0.02201139231986815
1 0.5178466096480628 0.9369403396669362 0.004126057878390377 0.017278428213245434
2 0.5241421122788987 0.9379034460934271 0.0056885578783901995 0.01732389231986815
1 0.6975796122788986 0.9429499619285447 0.0056885578783901995 0.01732389231986815
0 0.7030028596480629 0.9423278363017239 0.005688557878390376 0.01732389231986815
2 0.5067494859281872 0.9740538947606435 0.0056885578783901995 0.01732389231986815
9 0.5122182359281873 0.974213019133823 0.007251057878390199 0.017369356426490866