1 0.478125 0.2536288600715858 0.00546875 0.022193518415851442
3 0.615625 0.04132482309870853 0.00703125 0.010565773677523316
1 0.38984375 0.38989331278712636 0.00546875 0.023756018415851444
4 0.39765625 0.3911295890954856 0.00859375 0.023938028939195187
2 0.41328125 0.39203964171220407 0.00859375 0.023938028939195187
2 0.43046875 0.39225944959059444 0.00859375 0.023938028939195187
0 0.421875 0.39254017065139923 0.00859375 0.023938028939195187
0 0.4390625 0.3927599785297896 0.00859375 0.0239380289391951
2 0.44921875 0.5253827627306566 0.00546875 0.019068518415851443
9 0.45546875 0.526528033777344 0.00703125 0.01915952367752336
1 0.353125 0.6393171891378379 0.00546875 0.022193518415851442
3 0.36171875 0.6405989680770331 0.00859375 0.023938028939195277
2 0.3765625 0.6399010180629157 0.00859375 0.022375528939195276
2 0.39375 0.6416833259413061 0.00859375 0.023938028939195277
0 0.3859375 0.6412282996329467 0.00859375 0.0239380289391951
1 0.40078125 0.6420928496188293 0.00546875 0.023756018415851444
2 0.44921875 0.7792890127306566 0.00546875 0.019068518415851443
9 0.45546875 0.778871783777344 0.00703125 0.01759702367752336
1 0.353125 0.892442189137838 0.00546875 0.0221935184158518
4 0.36171875 0.893723968077033 0.00859375 0.023938028939195277
2 0.37734375 0.8938527706937516 0.00859375 0.022375528939195276
0 0.3859375 0.8951345496329466 0.00859375 0.023938028939195277
2 0.39375 0.894808325941306 0.00859375 0.023938028939195277
1 0.4015625 0.8952633522496652 0.00546875 0.023756018415851444
1 0.65703125 0.9975698516625435 0.00546875 0.004860296674912945
0 0.66171875 0.9965344845550511 0.00546875 0.006931030889897727