1 0.478125 0.234375 0.0046875 0.0203125
3 0.60546875 0.02734375 0.00625 0.0171875
1 0.396875 0.36484375 0.0046875 0.021875
4 0.40390625 0.365625 0.0078125 0.021875
2 0.41875 0.365625 0.0078125 0.021875
2 0.434375 0.36484375 0.0078125 0.021875
0 0.4265625 0.365625 0.0078125 0.021875
0 0.4421875 0.36484375 0.0078125 0.021875
2 0.4515625 0.48671875 0.0046875 0.0171875
9 0.45703125 0.4875 0.00625 0.0171875
1 0.36328125 0.596875 0.0046875 0.0203125
3 0.37109375 0.59765625 0.0078125 0.021875
2 0.384375 0.59609375 0.0078125 0.0203125
2 0.40078125 0.596875 0.0078125 0.021875
0 0.39296875 0.596875 0.0078125 0.021875
1 0.40703125 0.596875 0.0046875 0.021875
2 0.4515625 0.72109375 0.0046875 0.0171875
9 0.45703125 0.7203125 0.00625 0.015625
1 0.36328125 0.83046875 0.0046875 0.0203125
4 0.37109375 0.83125 0.0078125 0.021875
2 0.38515625 0.83046875 0.0078125 0.0203125
0 0.39296875 0.83125 0.0078125 0.021875
2 0.40078125 0.83046875 0.0078125 0.021875
1 0.4078125 0.83046875 0.0046875 0.021875
1 0.64296875 0.9171875 0.0046875 0.0171875
0 0.64765625 0.915625 0.0046875 0.0171875
2 0.4515625 0.95390625 0.0046875 0.0171875
9 0.45703125 0.95390625 0.00625 0.0171875