1 0.4659275622198432 0.22575014660250298 0.0053012654394063215 0.02114829400063627
3 0.6025339666139051 0.013294505251458314 0.00675010517284953 0.017260225334181777
1 0.37922788110360395 0.3603075072804115 0.005346729546028861 0.02271079400063636
4 0.3862363990502926 0.36100694127945704 0.008471729546028862 0.022747156667727177
2 0.4018613990502926 0.36082512794400257 0.008471729546028862 0.022747156667727177
2 0.417509131103604 0.35986206460854814 0.008471729546028862 0.022747156667727177
0 0.4096738990502926 0.3607342212762753 0.008471729546028862 0.022747156667727177
0 0.425321631103604 0.3597711579408209 0.008471729546028862 0.022747156667727177
2 0.43105950257378944 0.4846620699395482 0.0051876051728495295 0.01724204400063627
9 0.4372867705204781 0.48537059460536647 0.00675010517284953 0.01726022533418181
1 0.3379423368969564 0.5982074966184113 0.005301265439406145 0.02114829400063627
3 0.3457321048436451 0.5988978399506841 0.008471729546028862 0.022747156667727354
2 0.35984006895026777 0.5971717079487752 0.008426265439406144 0.021184656667727352
2 0.37622358689695645 0.5977620539465479 0.008471729546028862 0.022747156667727177
0 0.36841108689695645 0.5978529606142752 0.008471729546028862 0.022747156667727354
1 0.38247358689695643 0.5976893286123662 0.005346729546028861 0.022710794000636268
2 0.4241034942605193 0.7237245699395481 0.0051876051728495295 0.01724204400063627
9 0.43037622631383055 0.7228705946053664 0.006704641066226813 0.01569772533418181
1 0.3309863285836862 0.8372699966184113 0.005301265439406233 0.02114829400063627
4 0.3387760965303749 0.8379603399506841 0.008471729546028862 0.022747156667727354
2 0.3536425785836862 0.8370063672820024 0.008426265439406232 0.021184656667727352
0 0.3614323465303749 0.837696710614275 0.008471729546028862 0.022747156667727354
2 0.3692675785836862 0.836824553946548 0.008471729546028862 0.022747156667727354
1 0.37629882858368624 0.8367427379455934 0.005346729546028861 0.022710794000636268
1 0.6143551065595048 0.922224062579595 0.0051876051728495295 0.01724204400063627
0 0.6190880706661275 0.9206070185789585 0.0051876051728495295 0.01724204400063627
2 0.4171702180005604 0.9620058199395484 0.0051876051728495295 0.01724204400063627
9 0.4234202180005604 0.9619330946053666 0.00675010517284953 0.017260225334181457