1 0.1234375 0.10078125 0.0078125 0.025
0 0.134375 0.10078125 0.009375 0.0296875
7 0.0515625 0.50390625 0.0125 0.025
1 0.08515625 0.615625 0.00625 0.025
0 0.09609375 0.615625 0.009375 0.028125
5 0.08515625 0.73203125 0.0125 0.028125
1 0.3734375 0.7328125 0.009375 0.028125
1 0.609375 0.80546875 0.0078125 0.0265625
9 0.62109375 0.80546875 0.009375 0.0296875
8 0.63203125 0.80546875 0.009375 0.0296875
0 0.64296875 0.80546875 0.009375 0.0296875
4 0.08515625 0.85 0.0125 0.0296875
1 0.35546875 0.85 0.009375 0.0265625