1 0.06143106252120449 0.08397904776646965 0.00954861479078999 0.027744010339082203
0 0.07314981252120449 0.08452485731976359 0.011302087748947986 0.033285534946188064
1 0.03902290461613974 0.6484203833746115 0.007986114790789978 0.027671235731976294
0 0.05074165461613974 0.6489661929279055 0.011247524046617108 0.03172303494618802
5 0.04349712820726992 0.7765453833746114 0.015153774046617108 0.03190497146395259
1 0.36071191005843534 0.7920998786171006 0.01124752404661713 0.03172303494618802
1 0.622869658877309 0.8838679633966728 0.009603178493120802 0.029306510339082336
9 0.635369658877309 0.8844501602535197 0.011302087748947897 0.03328553494618802
8 0.647869658877309 0.8850323571103665 0.011302087748947897 0.03328553494618802
0 0.659588408877309 0.8855781666636606 0.011302087748947897 0.03328553494618802
4 0.04802591550073095 0.9062328833746115 0.015208337748947965 0.03346747146395259
1 0.34490091550073093 0.9200600587247244 0.011165678493120801 0.029379284946188022