1 0.1238318588003402 0.09587889129303186 0.008712801088459132 0.02609958498097196
0 0.1355506088003402 0.09540138882157392 0.010438992195451701 0.030850751977166357
7 0.06547129881102443 0.508214406616071 0.013400301088459132 0.026290585969555025
1 0.10380216723001148 0.6200949826997945 0.007150301088459132 0.02603591798477751
0 0.11473966723001147 0.6196493137264337 0.010384428493120846 0.02928825197716627
5 0.10794900860715653 0.7388449826997945 0.013509428493120802 0.0294155859695552
1 0.40016379045832196 0.7277205044114432 0.0103844284931208 0.02928825197716627
1 0.6425720344678721 0.791385120495604 0.008767364790789855 0.027662084980972067
9 0.6550720344678721 0.790875784526049 0.010438992195451746 0.030850751977166267
8 0.6660095344678721 0.7904301155526883 0.010438992195451746 0.030850751977166267
0 0.6769470344678721 0.7899844465793275 0.010438992195451746 0.030850751977166267
4 0.112123131835467 0.8583762326997946 0.013563992195451657 0.030978085969555025
1 0.38634188183546697 0.8472026748676788 0.010329864790790034 0.027725751977166268