1 0.03174346922736045 0.7826289615254126 0.01491713839274309 0.03720982332097762
1 0.28875653543177016 0.7744344824919869 0.015026241166284749 0.04189732332097762
1 0.37549346922736043 0.7706249470126243 0.013427373575104262 0.040280259618646855
0 0.054399719227360456 0.7818377878416152 0.026708623575104194 0.04074405108845909
0 0.268498586818541 0.772800060622288 0.022802373575104264 0.04060764183263199
0 0.354436086818541 0.7697990569940909 0.022802373575104264 0.04060764183263199
3 0.09111846922736046 0.7805555408368401 0.021239873575104196 0.04055307813030105
3 0.3114309692273604 0.7728620588081895 0.022802373575104264 0.04060764183263199
3 0.03366637908725616 0.9347817385672545 0.02283874116628476 0.042170141832632166
6 0.116154836818541 0.7781200215995463 0.021239873575104172 0.04055307813030105
2 0.24346221922736042 0.7752355798595817 0.021239873575104262 0.04055307813030105
2 0.4161184692273604 0.7692062907520221 0.021239873575104085 0.04055307813030105
2 0.05866637908725616 0.9339087193299609 0.02283874116628475 0.042170141832632166
2 0.2852288790872562 0.9259969824919867 0.021239873575104262 0.0405530781303014
4 0.4403372192273604 0.7683605533658938 0.022729638392743112 0.03748264183263199
4 0.3125726290872562 0.9250421177011969 0.024401241166284747 0.042224705534962936