1 0.05078125 0.7828125 0.0140625 0.0359375
1 0.30390625 0.78359375 0.0140625 0.040625
1 0.3890625 0.7828125 0.0125 0.0390625
0 0.0734375 0.7828125 0.025 0.0390625
0 0.28359375 0.78125 0.021875 0.0390625
0 0.36875 0.78125 0.021875 0.0390625
3 0.109375 0.7828125 0.0203125 0.0390625
3 0.32578125 0.7828125 0.021875 0.0390625
3 0.05625 0.9328125 0.021875 0.040625
6 0.13359375 0.78125 0.0203125 0.0390625
2 0.259375 0.7828125 0.0203125 0.0390625
2 0.42890625 0.7828125 0.0203125 0.0390625
2 0.08046875 0.9328125 0.021875 0.040625
2 0.30390625 0.9328125 0.0203125 0.0390625
4 0.453125 0.7828125 0.021875 0.0359375
4 0.33046875 0.9328125 0.0234375 0.040625