1 0.04609375 0.7904036911453691 0.01484375 0.037150659012915456
1 0.30625 0.7987547148980456 0.01484375 0.04261940901291546
1 0.39375 0.8005194548689157 0.0125 0.04020746285298173
0 0.06875 0.7910629206913979 0.02578125 0.040593907759274114
0 0.28515625 0.7957971994586394 0.02265625 0.04050297954602886
0 0.37265625 0.7983431894295094 0.02265625 0.040502979546029036
3 0.10625 0.7921540592503422 0.02109375 0.04045751543940632
3 0.32890625 0.7986326944440744 0.02265625 0.04050297954602886
3 0.0515625 0.9452503155185485 0.02265625 0.04284672954602868
6 0.13125 0.7913189849563051 0.02109375 0.04045751543940632
2 0.26015625 0.7966322737526764 0.02109375 0.04045751543940614
2 0.43515625 0.8017242536944167 0.02109375 0.04045751543940632
2 0.0765625 0.9459777412245114 0.02265625 0.04284672954602868
2 0.30625 0.9526609648980454 0.02109375 0.04045751543940597
4 0.46015625 0.8024516794003796 0.02265625 0.037377979546028686
4 0.33359375 0.9534565867639426 0.02421875 0.0428921936526514