0 0.290625 0.14921875 0.05625 0.084375
1 0.43125 0.153125 0.05 0.0875
2 0.56796875 0.15390625 0.059375 0.084375
3 0.70859375 0.153125 0.0515625 0.0828125
4 0.29453125 0.2921875 0.059375 0.0859375
5 0.4296875 0.28828125 0.0625 0.084375
6 0.56796875 0.28984375 0.0546875 0.0828125
7 0.7046875 0.2859375 0.059375 0.084375
8 0.290625 0.42890625 0.0625 0.0828125
9 0.4296875 0.428125 0.0578125 0.084375
1 0.53828125 0.43125 0.04375 0.0828125
0 0.59296875 0.428125 0.0546875 0.084375
0 0.70859375 0.4265625 0.0578125 0.0859375
1 0.29296875 0.571875 0.0625 0.075
2 0.43359375 0.56953125 0.0703125 0.075
3 0.56875 0.571875 0.0515625 0.0796875
4 0.71171875 0.5671875 0.06875 0.084375
5 0.29296875 0.70390625 0.0625 0.084375
6 0.43125 0.70625 0.0640625 0.0796875
7 0.56796875 0.70546875 0.0703125 0.078125
8 0.70703125 0.7078125 0.0640625 0.0828125
9 0.290625 0.84609375 0.0625 0.084375
1 0.39765625 0.840625 0.0421875 0.084375
0 0.45625 0.84453125 0.065625 0.078125