0 0.29038697077054026 0.11093347729976803 0.06277043613080417 0.09229492935348409
1 0.439719381037097 0.12091992543633241 0.05583011434404952 0.0951334278706093
2 0.5850546130904084 0.12762220608241084 0.06589543613080409 0.09242226334587285
3 0.735031881037097 0.1329529877170724 0.05725622202418137 0.09050959486680368
4 0.2987032391129403 0.262655144790254 0.0659409002374268 0.09398476334587284
5 0.4423395788463836 0.264606258440138 0.06902043613080408 0.0925495973382616
6 0.5892600429530063 0.2721534560824108 0.060381222024181544 0.09063692885919253
7 0.7344588826864497 0.2741682367284892 0.06589543613080409 0.09242226334587293
8 0.29902515102884963 0.40780847729976805 0.06897497202418146 0.09098709733826169
9 0.4466586689755383 0.413043758440138 0.06433293613080408 0.09235859634967838
1 0.5623745971887837 0.420880116158523 0.04944372202418137 0.0901912598858317
0 0.6200961689755383 0.42011079501771553 0.06042668613080408 0.09219942885919252
0 0.7434882048689155 0.42357798771707245 0.0643784002374268 0.09392109634967838
1 0.30580165142456106 0.5602477277940596 0.06872491943775678 0.08239334733826169
2 0.4549294732113157 0.5632029259306239 0.07731866943775678 0.08274351581733086
3 0.5987704014245611 0.572185289580508 0.057142561757624756 0.08660334486680377
4 0.7509550270513816 0.5729240717094612 0.07605168613080408 0.0928360988211363
5 0.30987068896729103 0.7000914777940597 0.06902043613080418 0.0925495973382617
6 0.45683661718053636 0.7092011754363324 0.07042381175762476 0.08714451433445607
7 0.6021036530739137 0.7135597060824109 0.07740959765100222 0.08586851581733086
8 0.7498508312871591 0.7227012372227808 0.07053747202418137 0.09105076433445589
9 0.3119369573096911 0.8515584772997681 0.06902043613080418 0.0925495973382617
1 0.4250363508832004 0.8499243345238614 0.04714543613080409 0.09165825939154004
0 0.4876727432030684 0.8571585143716371 0.07194084765100221 0.08564568133065045