0 0.2277159338414172 0.05968740736254482 0.0630454215447771 0.09666098428423428
1 0.38394320794371817 0.05631619665195908 0.056032352262936236 0.09945849855225793
2 0.5347199127641783 0.050074697066243845 0.06617042154477701 0.096806533498446
3 0.690974457943718 0.04452362396767 0.05756303600615773 0.08904724793534
4 0.23148530757437583 0.21728158354122726 0.06617951190385671 0.09836903349844599
5 0.3807267834720749 0.20642535856261784 0.07007667154477701 0.09698847001621065
6 0.5338426931129951 0.20085594706624388 0.06146928600615773 0.0942444596771285
7 0.6854324641902341 0.1891093101769757 0.06617042154477701 0.09680653349844599
8 0.2259160427436529 0.36906240736254486 0.07006303600615764 0.09464472001621065
9 0.3798268379231927 0.3611128585626179 0.06460792154477701 0.09673375889134021
1 0.5001211572050334 0.35863421381546684 0.04896928600615773 0.09366226282028159
0 0.5610768379231927 0.3526710041383384 0.06148292154477701 0.0965882096771284
0 0.6892109282822723 0.3451409863556581 0.06461701190385671 0.09829625889134022
1 0.22811837129707171 0.5275106081483332 0.07001303903121973 0.08605097001621065
2 0.3836053020152309 0.5171445347413004 0.07860678903121973 0.08645123035529281
3 0.5335871212970718 0.513283172459138 0.05754485528799833 0.09093752315936392
4 0.6914314375538504 0.5004641871414464 0.07632667154477701 0.0972795684446341
5 0.22726842272312747 0.6736043581483331 0.07007667154477701 0.09698847001621065
6 0.380379787184508 0.668816196651959 0.07160735528799851 0.0915924946233165
7 0.5311655823640479 0.6610121970662439 0.07862951492891881 0.09035748035529281
8 0.6850581968254283 0.6561876482663169 0.07162553600615773 0.09471749462331651
9 0.22322984163562584 0.8307811573625449 0.0700766715447771 0.09698847001621047
1 0.3420116578924045 0.8197815372224998 0.04742042154477701 0.09593323821317554
0 0.4068326819947055 0.8206676410276066 0.0731607649289188 0.09010276923042256