9 0.594277330072118 0.033020194801129193 0.016225065254479178 0.026053985389503397
2 0.2215165497712502 0.2568887483751469 0.014535278685347208 0.02055796185055305
2 0.24106598356684045 0.25801091761202616 0.012191528685347208 0.02051705154212753
2 0.7309097335668404 0.26656117207295776 0.014535278685347208 0.02055796185055305
5 0.46919098356684047 0.26199285429877583 0.014589830072118204 0.022901711850553053
1 0.48481598356684047 0.2622655896882792 0.009066528685347209 0.02046250446422686
5 0.7121597335668405 0.26623388960555366 0.012191528685347208 0.02051705154212762
1 0.0695125190891327 0.9063142297074606 0.009157447663298646 0.024368754464227038
2 0.0820125190891327 0.9065324180190633 0.016188697663298647 0.024491485389503253
3 0.1054500190891327 0.9069415211033183 0.014626197663298646 0.02446421185055314
0 0.12185626908913272 0.9072278932622968 0.016188697663298602 0.024491485389503253
1 0.2593380852935424 0.908846714689927 0.009121080072118027 0.022806254464227037
8 0.27261933529354243 0.9090785397710046 0.016188697663298602 0.024491485389503253
2 0.30076251908913265 0.9103507134721109 0.01618869766329869 0.024491485389503253
2 0.3320125190891327 0.9108961842511178 0.016225065254479178 0.026053985389503254
0 0.3171687690891327 0.9106370856310895 0.017787565254479176 0.02608125892845372
1 0.34373126908913265 0.911100735793245 0.00915744766329869 0.024368754464227038