2 0.19947175426116925 0.21083005402608973 0.013990578130301135 0.020467041335136216
2 0.2190302861123347 0.21183857069540774 0.012428078130301135 0.02044886000159085
2 0.6971552861123347 0.21740205876031388 0.013990578130301046 0.020467041335136306
5 0.4409052861123347 0.21442032005886094 0.014045141832631992 0.022029541335136304
1 0.4557490361123347 0.21459304272754265 0.009303078130301045 0.020412497334499947
5 0.6784052861123346 0.21718388275776856 0.012428078130301046 0.02044886000159085
1 0.05842521296099301 0.8456488546705907 0.009412205534962848 0.023537497334499946
2 0.07092521296099301 0.8457943053389542 0.015662205534962847 0.023610222668681756
3 0.093581462960993 0.8460579346753633 0.014099705534962825 0.023592041335136572
0 0.10920646296099301 0.8462397480108177 0.015662205534962847 0.023610222668681756
1 0.24355418110982757 0.8470220926957259 0.009357641832631991 0.021974997334499945
8 0.2568354311098276 0.8471766340308623 0.015662205534962847 0.023610222668681756
2 0.284206462960993 0.8482760573679075 0.015662205534962847 0.023610222668681756
2 0.314675212960993 0.8486305933720437 0.015716769237293704 0.025172722668681757
2 0.07226451286832578 0.951235783338636 0.017279269237293705 0.025190904002226944
0 0.300612712960993 0.8484669613701346 0.017279269237293705 0.025190904002226944
1 0.326393962960993 0.8487669533736344 0.009412205534962848 0.023537497334499946
4 0.08867076286832579 0.9514266873408633 0.014099705534962847 0.023592041335136572
4 0.5527059810171603 0.9560452934038605 0.017279269237293705 0.025190904002226944
1 0.10114348101716035 0.950790888009227 0.010974705534962848 0.023555678668045487
1 0.5027059810171604 0.9554634907304063 0.012537205534962936 0.023573860001590674
3 0.5246082628683257 0.9564992794000424 0.017279269237293705 0.025190904002226944
8 0.26911223101716036 0.9527453813653622 0.017224705534962848 0.023628404002226943
7 0.28476451286832577 0.9537084447008166 0.015662205534962847 0.023610222668681756
1 0.5370809810171603 0.955863480068406 0.012591769237293705 0.025136360001590675