6 0.0926742031166613 0.5695871078075347 0.013868840418179419 0.0338846907294446
7 0.19736170311666132 0.5720237364166321 0.013805173421985017 0.03232219072944442
1 0.07936111961856411 0.5684967332824999 0.015558674410568196 0.03704605832062491
2 0.1582355361204669 0.5695520466371182 0.013805173421985017 0.03232219072944442
0 0.1715486196185641 0.5706424211621529 0.015431340418179396 0.033921058320624906
1 0.1840167861204669 0.5701521118915973 0.013868840418179396 0.033884690729444424
9 0.32769248475132284 0.7249149599154864 0.01743950939154022 0.04489492591180557
2 0.3120356512532257 0.7237700340036808 0.01743950939154022 0.04489492591180557
9 0.12144248475132288 0.7201144378796529 0.017312175399151374 0.041769925911805575
1 0.10588115174751729 0.7213132619678473 0.01587700939154013 0.04485855832062509
3 0.15979135482699752 0.8950605397032639 0.013932507414373773 0.0354471907294446
9 0.3418544383250947 0.9000786140757988 0.013932507414373773 0.0354471907294446
2 0.4957288548269975 0.9028795718070837 0.013805173421985017 0.0323221907294446
1 0.3285095213289003 0.8982069895507643 0.014059841406762618 0.0385721907294446
9 0.5081970213289003 0.9023892625365282 0.013868840418179396 0.0338846907294446