7 0.18123519726707835 0.5775041381084026 0.0160987151536097 0.03628299211621524
6 0.07889144726707838 0.5798862153307291 0.0145362151536097 0.03624662452503476
2 0.24607894726707835 0.5759948830744095 0.014536215153609611 0.03624662452503476
0 0.25933291541591297 0.5749045085493748 0.014536215153609611 0.03624662452503476
5 0.09764144726707837 0.5794498042365624 0.014536215153609677 0.036246624525034576
1 0.27339541541591295 0.5745772002287498 0.014536215153609611 0.03624662452503476
7 0.28592269726707836 0.5750675094993054 0.014536215153609611 0.03624662452503476
4 0.11092269726707835 0.5791406797115277 0.0160987151536097 0.03628299211621524
0 0.37876994009550224 0.7261559243931941 0.01938740626060227 0.04104322729857639
4 0.14517619009550226 0.7315928792746874 0.01938740626060227 0.04104322729857639
4 0.3607739082443368 0.7257929016917706 0.01955109736759484 0.04573072729857639
1 0.32009434454200597 0.725175959062465 0.01955109736759484 0.04573072729857639
1 0.3365551582443368 0.7263565993550692 0.019605661069925694 0.047293227298576566
7 0.39517619009550226 0.7257740646857983 0.01955109736759484 0.04573072729857639
5 0.10376994009550225 0.7325566204409721 0.01626240626060227 0.04097049211621524
2 0.12876994009550224 0.7319747389820833 0.01938740626060227 0.04104322729857657
0 0.1631995037978331 0.732737151976111 0.01955109736759484 0.04573072729857639
1 0.4989708566077235 0.8992823402370135 0.014590778855940557 0.03780912452503458
1 0.5130606384588889 0.8997362819163885 0.016262406260602092 0.04097049211621524
4 0.1701464521612198 0.9092814681805208 0.0145362151536097 0.036246624525034576
5 0.3310839521612198 0.9055356062889235 0.0145362151536097 0.036246624525034576
4 0.5333731384588889 0.8992635032310414 0.01469990626060209 0.040934124525034574
2 0.3506152021612198 0.9050810113991664 0.0160987151536097 0.03628299211621524
2 0.1584277021612198 0.9095542251143749 0.0160987151536097 0.03628299211621524
7 0.1849902021612198 0.9089359760643054 0.0160987151536097 0.03628299211621524