0 0.24296875 0.60625 0.0140625 0.028125
3 0.1671875 0.60625 0.0140625 0.0296875
2 0.23046875 0.60625 0.0125 0.028125
7 0.26953125 0.60625 0.0125 0.028125
1 0.05390625 0.60625 0.0125 0.034375
3 0.08515625 0.60703125 0.0125 0.0328125
9 0.0984375 0.60703125 0.0125 0.03125
1 0.25625 0.60703125 0.0125 0.0328125
1 0.065625 0.60703125 0.0125 0.0328125
0 0.278125 0.7453125 0.015625 0.0359375
7 0.2953125 0.74453125 0.015625 0.0359375
2 0.07265625 0.74453125 0.015625 0.0375
6 0.10546875 0.7453125 0.0171875 0.0359375
8 0.0890625 0.74609375 0.0140625 0.0390625
8 0.26171875 0.74375 0.01875 0.040625
8 0.3015625 0.89765625 0.0125 0.0296875
2 0.12109375 0.89765625 0.0125 0.0296875
2 0.2875 0.89765625 0.0125 0.0296875
6 0.3140625 0.89765625 0.0125 0.0296875
1 0.13359375 0.8984375 0.0125 0.0328125
8 0.453125 0.8984375 0.015625 0.03125
0 0.465625 0.89921875 0.0109375 0.0296875
7 0.47890625 0.89921875 0.0125 0.028125