1 0.4515625 0.94765625 0.0125 0.015625
4 0.46484375 0.9484375 0.0125 0.015625
2 0.478125 0.9484375 0.0109375 0.015625
3 0.3 0.94765625 0.0109375 0.015625
6 0.28671875 0.9484375 0.0125 0.015625
3 0.11875 0.94765625 0.0125 0.015625
0 0.13828125 0.80078125 0.0140625 0.015625
7 0.1640625 0.80078125 0.0125 0.015625
0 0.06484375 0.80078125 0.0125 0.015625
2 0.125 0.80078125 0.0125 0.015625
1 0.05234375 0.8 0.0109375 0.01875
1 0.15078125 0.80078125 0.0109375 0.0171875
2 0.29375 0.8703125 0.015625 0.01875
4 0.2765625 0.86953125 0.015625 0.01875
1 0.2609375 0.86953125 0.015625 0.0203125
6 0.071875 0.8703125 0.015625 0.01875
3 0.08828125 0.8703125 0.0140625 0.01875