5 0.2974057311838624 0.23060191546256972 0.02131422787409356 0.03873584488975697
0 0.3193535057909682 0.2295485617390975 0.02287672787409356 0.03877221248093754
3 0.004038816999146622 0.696094403210382 0.008077633998293244 0.02685344072944442
3 0.2458151127009563 0.9520586881639932 0.01146619292790545 0.028361389342673606
2 0.014563074444999314 0.6948410277354167 0.015190506410140792 0.024546058320624908
2 0.15589654983789347 0.6996947947372572 0.015299668320799587 0.026889808320625087
2 0.004344339486988632 0.8047790721883334 0.008688678973977263 0.03551992591180557
2 0.2079063519475893 0.8088347118153475 0.018824928659881834 0.03555629350298588
2 0.22583871464403638 0.8100341891139238 0.018824928659881834 0.03555629350298588
2 0.4262838627009563 0.9562591449453477 0.015299668320799497 0.02688980832062491
9 0.09034432444499932 0.6966048559076737 0.016862168320799585 0.026926175911805572
0 0.17074029983789346 0.7000402868534724 0.01537244292790545 0.028452308320624908
1 0.18409432444499932 0.6987869113785071 0.013737168320799586 0.02685344072944442
1 0.2262838627009563 0.9516040932742363 0.015445217535011314 0.03001480832062491
9 0.01958871464403637 0.8052336670780903 0.01882492865988179 0.03555629350298624
9 0.18127107734048345 0.809778962765278 0.02116867865988179 0.035610844889756875
0 0.03752107734048345 0.8064331443766667 0.021095904052775928 0.034048344889756874
8 0.24458871464403636 0.8104706002080905 0.01875215405277597 0.03399379350298624
9 0.04112761270095627 0.9472945337193404 0.016934942927905428 0.028488675911805574
1 0.055971362700956276 0.9476400258355557 0.013809942927905428 0.0284159407294446
9 0.4051901127009563 0.9557681824644101 0.01537244292790536 0.028452308320624908
8 0.1997193244449993 0.6991505872903128 0.015299668320799587 0.02688980832062491