0 0.1969817762642449 0.5963255668699998 0.016190080231458383 0.02925174211621524
3 0.11885677626424491 0.5981439464290277 0.016262854838564246 0.03081424211621524
2 0.1837005262642449 0.5966346913950346 0.014627580231458381 0.029215374525034754
7 0.2243255262642449 0.59568913402434 0.014627580231458381 0.029215374525034577
1 0.004564307797092899 0.6008715157675695 0.009128615594185797 0.03546537452503475
3 0.03366413896069197 0.600907230148368 0.014845904052775926 0.03390287452503458
9 0.04772663896069197 0.600579921827743 0.014773129445670085 0.032340374525034576
1 0.21100788896069195 0.5967795085493748 0.014845904052775971 0.03390287452503475
1 0.014132888960691972 0.601361825038125 0.014845904052775933 0.03390287452503458
0 0.226224012410506 0.739239112272847 0.018116453266987697 0.037100609707395905
7 0.2442291497140589 0.7380396349742706 0.018116453266987697 0.037100609707395905
2 0.01454164971405895 0.7433856708778125 0.018225615177646436 0.039444359707395904
6 0.048099012410506015 0.7433850176674305 0.019678953266987653 0.03713697729857639
8 0.03165637510695309 0.7445481273748263 0.016735889784752288 0.04097049211621524
8 0.2098905370176119 0.7380584719802428 0.02149616439185813 0.04264209488975688
8 0.24312891439636736 0.8957066646095484 0.014700354838564245 0.030777874525034575
2 0.057191414396367345 0.9000344079600346 0.014700354838564222 0.030777874525034575
2 0.22906641439636735 0.8960339729301733 0.014700354838564245 0.030777874525034575
6 0.2564101643963673 0.8953975400845137 0.014700354838564245 0.030777874525034575
1 0.06965502709281442 0.9005247172305901 0.014845904052775926 0.03390287452503458
8 0.40012377709281444 0.8928329716959024 0.017898129445670107 0.0324131097073959
0 0.41258738978926146 0.893323280966458 0.012356604838564244 0.030723323138263935
7 0.4266498897892615 0.8929959726458329 0.014627580231458381 0.029215374525034577