7 0.33079073383034086 0.21856183271004345 0.009163638059640888 0.025872156667727263
2 0.25624659373453507 0.5690425433640895 0.01426057383528967 0.033739200668363625
0 0.2695687873120999 0.5699783346992258 0.015986848145549182 0.036882382001908985
2 0.1774222308896648 0.5696868860200446 0.014178686680159914 0.032176700668363624
1 0.19152567446722968 0.5706317680219535 0.011217460990419426 0.03526533800127272
1 0.28202784373453504 0.5693425353675894 0.012779960990419425 0.03528351933481808
7 0.29530909373453507 0.5694970767027255 0.01426057383528967 0.033739200668363625
3 0.0946097308896648 0.5687232753421358 0.014178686680159914 0.032176700668363624
2 0.07660003731209993 0.5677329400063634 0.014096799525030157 0.030614200668363623
4 0.1086722308896648 0.568886907344045 0.01426057383528967 0.033739200668363625
7 0.1368049542045561 0.7183420146801357 0.017713122455808694 0.04002556333545435
5 0.311064647782121 0.721150483370453 0.017876896766068205 0.04315056333545435
7 0.12113901062699121 0.7173789513446813 0.016068735300678937 0.038444882001908987
8 0.29383620420455614 0.7201692387014529 0.019685058231457477 0.04785624466899989
3 0.10403339778212098 0.7187414566756815 0.016232509610938452 0.04156988200190899
0 0.3274299542045561 0.72056013737268 0.017713122455808694 0.04002556333545435
5 0.5092575655790883 0.8975691747294515 0.014424348145549182 0.03686420066836362
0 0.5225388155790883 0.8977237160645879 0.014342460990419425 0.03530170066836362
7 0.3428513155790883 0.8956328627068618 0.01426057383528967 0.033739200668363625
8 0.4967575655790883 0.8974237240610881 0.016068735300678937 0.03844488200190917
1 0.16007975915665318 0.8942868966820449 0.015986848145549182 0.03688238200190881
6 0.1749235091566532 0.8944596193507264 0.014178686680159914 0.032176700668363624
3 0.3296110091566532 0.8962595713717256 0.01426057383528967 0.033739200668363625
7 0.3569138155790883 0.8957964947087707 0.01582307383528967 0.03375738200190881