5 0.3174423269216895 0.30123764010335147 0.019642565963434677 0.03656498257680481
0 0.33768205231458365 0.3003844682336526 0.021205065963434678 0.03661954627913566
5 0.06360046691132955 0.7291617103442862 0.014482031017246655 0.026245041469812234
3 0.08235046691132955 0.7298164747722564 0.012846756410140792 0.02462797776748147
3 0.3322199960665494 0.9701959712288776 0.010575781017246655 0.026108632213985315
2 0.09559532960777661 0.7294990162420688 0.014336481803034928 0.023120041469812235
2 0.22610046691132957 0.7348363353866952 0.014409256410140792 0.024682541469812237
2 0.09176831637321028 0.8315426658792491 0.016372016749222996 0.033330855172143
2 0.28470067906965735 0.8375000331171097 0.01793451674922304 0.03338541887447377
2 0.3011433163732103 0.8388542019915839 0.01793451674922304 0.03338541887447377
2 0.49940749606654933 0.976034287378279 0.014409256410140615 0.024682541469812237
9 0.1651265796077766 0.731927100995792 0.015971756410140793 0.024737105172143004
0 0.24016296691132952 0.735327408707673 0.014482031017246655 0.026245041469812234
1 0.25340782960777664 0.7350099501774853 0.012846756410140792 0.02462797776748147
1 0.06598706637321028 0.8306423647907899 0.017934516749222994 0.03338541887447377
1 0.31346999606654935 0.9695412068009072 0.014554805624352518 0.027807541469812236
9 0.10895581637321028 0.8321428666048885 0.017934516749222994 0.03338541887447377
9 0.2597734536767632 0.8381895138798161 0.01949701674922304 0.033439982576804896
0 0.1261797036767632 0.833524317330528 0.019387854838564245 0.031096232576804893
8 0.31833081637321026 0.839454402717223 0.017825354838564244 0.031041668874473773
9 0.14159499606654938 0.963539199544513 0.016044531017246656 0.026299605172143005
1 0.15487624606654937 0.9640029910143253 0.012919531017246655 0.026190477767481467
9 0.47987624606654933 0.9753522410991433 0.014482031017246655 0.026245041469812234
8 0.26668907960777666 0.7354737416472975 0.014409256410140792 0.024682541469812237