7 0.11556671981103213 0.5326785543348935 0.016339924410568196 0.03732358646384668
6 0.010097969811032132 0.5369760765780149 0.014777424410568202 0.0372599194676523
2 0.18275421981103213 0.5299408734985347 0.014777424410568197 0.0372599194676523
0 0.19684855330912931 0.5285866205327852 0.01477742441056824 0.0372599194676523
5 0.029629219811032132 0.5361802391255851 0.014777424410568197 0.0372599194676523
1 0.2116923033091293 0.5279817840689385 0.014777424410568151 0.03725991946765248
7 0.22416046981103213 0.5282536980993833 0.014777424410568151 0.0372599194676523
4 0.043691719811032134 0.5356072361598356 0.016339924410568196 0.03732358646384668
0 0.3083232696973014 0.6831547623201086 0.020469008897248564 0.04295150395433254
4 0.0661357696973014 0.6930231467302393 0.020469008897248564 0.04295150395433271
4 0.2896051031953986 0.6831375162744413 0.0206600098858317 0.047639003954332716
1 0.247481270191593 0.6832940251716899 0.0206600098858317 0.047639003954332716
1 0.2646051031953986 0.6841561882135516 0.020723676882026077 0.04920150395433272
7 0.3247295196973014 0.6824862588600675 0.0206600098858317 0.047639003954332716
5 0.023948269697301395 0.6947421556274879 0.016562758897248574 0.042792336463846684
2 0.0497295196973014 0.6936916501902803 0.020469008897248564 0.04295150395433254
0 0.084822102701107 0.6938216427759066 0.02066000988583174 0.047639003954332716
1 0.41890664813875206 0.8595979041074322 0.01484109140676253 0.03882241946765248
1 0.43293731464065477 0.8598061511416827 0.016562758897248564 0.042792336463846684
4 0.0781543141463632 0.8766023092778095 0.014777424410568197 0.03725991946765248
5 0.2453418141463632 0.8697899406850095 0.014777424410568151 0.03725991946765248
4 0.4540310646406548 0.8589466466930581 0.015000258897248564 0.04272866946765248
2 0.2656543141463632 0.8689622697344823 0.01633992441056815 0.03732358646384668
2 0.0664355641463632 0.8770798117492674 0.016339924410568196 0.03732358646384668
7 0.0937793141463632 0.8759656393158656 0.016339924410568196 0.03732358646384668