0 0.234375 0.54375 0.0125 0.034375
2 0.22109375 0.54296875 0.0125 0.0328125
6 0.05625 0.54296875 0.0125 0.0375
2 0.1703125 0.54296875 0.0125 0.0328125
1 0.2484375 0.54296875 0.0125 0.0328125
5 0.08828125 0.54296875 0.0125 0.0359375
1 0.075 0.54375 0.0109375 0.034375
1 0.1578125 0.54375 0.0125 0.034375
7 0.2609375 0.5421875 0.0125 0.034375
2 0.31484375 0.6984375 0.015625 0.046875
6 0.2828125 0.696875 0.015625 0.04375
2 0.08046875 0.6984375 0.015625 0.040625
9 0.29921875 0.69765625 0.015625 0.046875
3 0.1125 0.69765625 0.015625 0.04375
5 0.0953125 0.69921875 0.015625 0.04375
6 0.453125 0.87890625 0.0140625 0.0359375
2 0.2890625 0.87890625 0.0125 0.034375
5 0.3015625 0.878125 0.0125 0.0359375
9 0.46640625 0.87890625 0.0109375 0.034375
2 0.12265625 0.87890625 0.0140625 0.0375
4 0.13515625 0.8796875 0.0125 0.0375
2 0.4796875 0.87890625 0.0125 0.0375
3 0.31484375 0.87890625 0.0125 0.034375