8 0.3434323837399996 0.4623586785779388 0.018987042553055566 0.04437748257680489
5 0.011943381555798114 0.5954315510884591 0.013990418028020857 0.030932541469812235
1 0.03145644776020784 0.5968948473675948 0.011573932845659751 0.027725695916316084
7 0.04395644776020784 0.5973313569862417 0.01391768284565974 0.027807541469812236
2 0.11661269776020781 0.5998685691446265 0.013954050436840327 0.029370041469812237
5 0.13065701396461754 0.6011408924656042 0.011573932845659751 0.027725695916316084
2 0.19471951396461756 0.6033780042611692 0.013954050436840282 0.029370041469812237
0 0.20801894776020785 0.6030605457309816 0.013954050436840327 0.029370041469812237
0 0.04687881316718688 0.7405183617955651 0.01726088839274309 0.037291668874474125
0 0.25959375266236034 0.9066691845683886 0.013990418028020812 0.030932541469812235
1 0.22130019776020787 0.6035243372007938 0.010047800436840327 0.029233632213985138
7 0.2345996315557981 0.6032068786706061 0.013990418028020812 0.030932541469812235
7 0.2398475631671869 0.7472569790334258 0.01722452080156254 0.03572916887447395
7 0.4158619364579506 0.9113443048014742 0.013990418028020812 0.030932541469812235
3 0.028910063167186882 0.7398908792187603 0.01569838839274309 0.037237105172143
3 0.2463306864579506 0.9054241430985763 0.013990418028020812 0.030932541469812235
8 0.2570350631671869 0.7478571797590652 0.01726088839274311 0.03729166887447395
4 0.07367443645795065 0.8993948539910168 0.013990418028020857 0.030932541469812235
8 0.4307056864579506 0.9118626599736175 0.013954050436840148 0.029370041469812237