7 0.15703125 0.5671875 0.0140625 0.0328125
6 0.05703125 0.56640625 0.0125 0.03125
2 0.21875 0.5671875 0.0125 0.0328125
0 0.23203125 0.56640625 0.0109375 0.03125
5 0.075 0.5671875 0.0125 0.034375
1 0.24453125 0.56640625 0.0109375 0.0328125
7 0.2578125 0.5671875 0.0125 0.0328125
4 0.08828125 0.5671875 0.0125 0.03125
0 0.34140625 0.715625 0.015625 0.040625
4 0.11640625 0.71484375 0.015625 0.040625
4 0.32421875 0.7140625 0.0171875 0.04375
1 0.28515625 0.71328125 0.015625 0.04375
1 0.30078125 0.71328125 0.015625 0.04375
7 0.35703125 0.715625 0.015625 0.0421875
5 0.0765625 0.71484375 0.0140625 0.040625
2 0.10078125 0.71484375 0.015625 0.040625
0 0.13359375 0.715625 0.0171875 0.0421875
1 0.45234375 0.88359375 0.0109375 0.0359375
1 0.465625 0.884375 0.0140625 0.0390625
4 0.13515625 0.8859375 0.0125 0.0359375
5 0.28984375 0.88671875 0.0125 0.0359375
4 0.484375 0.88515625 0.0125 0.0390625
2 0.30859375 0.8859375 0.0140625 0.0328125
2 0.1234375 0.88671875 0.0125 0.0359375
7 0.1484375 0.8859375 0.0140625 0.034375