6 0.046324629887144295 0.5675080972552907 0.013868840418179419 0.03395746285298138
7 0.1510121298871443 0.5644620021115709 0.013805173421985017 0.03239496285298138
1 0.0330752133852415 0.5671132921615835 0.015558674410568196 0.037127926959604096
2 0.11201329688333869 0.5640361047771381 0.013805173421985017 0.03239496285298138
0 0.12526271338524148 0.5644309098708453 0.015431340418179396 0.03400292695960409
1 0.13779454688333867 0.5632859470178639 0.013868840418179396 0.03395746285298138
9 0.2691188482524827 0.7108476056350679 0.017439509391540133 0.044985891066226816
2 0.25352568175057993 0.7105209967012948 0.01743950939154022 0.044985891066226816
9 0.06286884825248272 0.7168488677092618 0.017312175399151374 0.04186089106622681
1 0.047180181256288325 0.7188660087754887 0.015877009391540166 0.044940426959604096
3 0.08701997817680807 0.8901583355768082 0.013932507414373818 0.03551996285298138
9 0.2690193946787109 0.8856430171552658 0.013932507414373773 0.03551996285298138
2 0.42295747817680807 0.8803835526529318 0.013805173421985017 0.03239496285298138
1 0.2558018116749053 0.8844669620615587 0.01405984140676253 0.03864496285298173
9 0.4354893116749053 0.8792385897999504 0.013868840418179396 0.03395746285298138