1 0.48911719617077 0.9727074449727997 0.013854168874473948 0.016792694906293093
4 0.5039882280219354 0.9730567859598842 0.013854168874473948 0.016792694906293093
2 0.5180507280219355 0.9726476090002801 0.012291668874473949 0.01674723079967002
3 0.32739844617077 0.9774129800082474 0.012291668874473949 0.016747230799670377
6 0.3133632280219355 0.9786034069678514 0.013854168874473948 0.01679269490629274
3 0.13442969617077002 0.9830277971761484 0.013854168874473993 0.01679269490629274
0 0.15003979408651902 0.8253827817367423 0.015416668874473993 0.016838159012915455
7 0.17738354408651902 0.8245871598708453 0.013854168874473993 0.01679269490629274
0 0.07113354408651902 0.8276787191211877 0.013854168874473993 0.016792694906293093
2 0.135977294086519 0.8257919586963464 0.013854168874473993 0.01679269490629274
1 0.05782501223535359 0.8272839140274805 0.012428078130301135 0.020653480799670377
1 0.163321044086519 0.8249963368304496 0.012346232576804849 0.018309730799670375
2 0.31825656994723467 0.894782336434738 0.017115578130301134 0.02078987311953817
4 0.2994792880960692 0.8945466557142101 0.017115578130301134 0.020789873119537818
1 0.2830730380960692 0.8950240288337483 0.01717014183263199 0.022352373119538173
6 0.08153781994723466 0.9016701485880741 0.017115578130301134 0.02078987311953817
3 0.09872531994723466 0.9011700434152248 0.015553078130301134 0.020744409012915455