2 0.1537481238595896 0.653654289703264 0.016080918320799588 0.02690799211621524
2 0.23425326116314255 0.6563084706490627 0.016008143713693725 0.02534549211621524
9 0.04749812385958961 0.651181293502986 0.016153692927905437 0.02847049211621524
0 0.2467168738595896 0.6558181613785072 0.016008143713693725 0.02534549211621524
0 0.06632089846669546 0.6531802045971528 0.016153692927905427 0.02847049211621524
8 0.1670293738595896 0.6539634142282986 0.016008143713693725 0.02534549211621524
1 0.2615242365560367 0.6553824034947224 0.01459119292790545 0.028434124525034753
7 0.2748418738595896 0.6564727780197572 0.012955918320799587 0.026835256933854267
5 0.0810918738595896 0.6519631967133681 0.01459119292790545 0.028434124525034753
6 0.28854911703516406 0.78321711597566 0.017934516749222952 0.033194359707395905
1 0.30651786703516404 0.7836353432742363 0.018007291356328815 0.03475685970739591
2 0.07530425433871699 0.7790341897795139 0.01786174214211713 0.031631859707395904
0 0.09167411703516407 0.7786347994869098 0.016372016749222996 0.03315799211621524
0 0.3192811943711383 0.9236245636389586 0.014518418320799498 0.026871624525034575
1 0.49271869437113835 0.9276613662600003 0.013101467535011225 0.029960256933853912
6 0.1309635570675854 0.9184610189017015 0.01459119292790545 0.028434124525034576
6 0.47940105706758535 0.9265709917349657 0.013028692927905539 0.028397756933853914
2 0.3051823070675853 0.9225160053183336 0.01615369292790536 0.02847049211621524