7 0.32578125 0.21953125 0.0078125 0.025
2 0.23359375 0.565625 0.0125 0.0328125
0 0.246875 0.56640625 0.0140625 0.0359375
2 0.15625 0.5671875 0.0125 0.03125
1 0.1703125 0.56796875 0.009375 0.034375
1 0.259375 0.565625 0.0109375 0.034375
7 0.27265625 0.565625 0.0125 0.0328125
3 0.075 0.5671875 0.0125 0.03125
2 0.05703125 0.56640625 0.0125 0.0296875
4 0.08828125 0.5671875 0.0125 0.0328125
7 0.10859375 0.7140625 0.015625 0.0390625
5 0.28046875 0.71484375 0.015625 0.0421875
7 0.09296875 0.71328125 0.0140625 0.0375
8 0.26328125 0.7140625 0.0171875 0.046875
3 0.0765625 0.71484375 0.0140625 0.040625
0 0.29609375 0.7140625 0.015625 0.0390625
5 0.46640625 0.8859375 0.0125 0.0359375
0 0.47890625 0.8859375 0.0125 0.034375
7 0.30234375 0.8859375 0.0125 0.0328125
8 0.45390625 0.8859375 0.0140625 0.0375
1 0.12265625 0.88671875 0.0140625 0.0359375
6 0.13671875 0.88671875 0.0125 0.03125
3 0.2890625 0.88671875 0.0125 0.0328125
7 0.31640625 0.8859375 0.0140625 0.0328125