0 0.2550182864075888 0.5469234131477994 0.014342460990419425 0.035374438311602675
2 0.24169609283002388 0.5459103380667214 0.01426057383528967 0.033811938311602674
6 0.0729460928300239 0.5429647958600847 0.014506235300678915 0.03849943831160267
2 0.1901335928300239 0.5450103112813602 0.01426057383528967 0.033811938311602674
1 0.26982109283002387 0.5464012617678276 0.01426057383528967 0.033811938311602674
5 0.1057585928300239 0.5435375401780418 0.014424348145549182 0.03693693831160268
1 0.09251828640758877 0.544086965096964 0.012779960990419425 0.03534716477265239
1 0.17689328640758878 0.5455597362002823 0.014342460990419425 0.035374438311602675
7 0.28228014925245903 0.5458382000794302 0.014342460990419425 0.035374438311602675
2 0.34614233265325856 0.7069626607121673 0.018122558231457475 0.04792898538950343
6 0.31324794549812884 0.7048274163942102 0.017958783921197964 0.044803985389503434
2 0.10629858265325857 0.7027761724832902 0.01779500961093845 0.04167898538950343
9 0.3296951390756937 0.7058950385531888 0.018122558231457475 0.04792898538950343
3 0.1390701390756937 0.7025676668012473 0.017958783921197964 0.044803985389503434
5 0.12118327623082345 0.7038165211033183 0.017958783921197964 0.044803985389503254
6 0.49721126695856926 0.8938059159871731 0.015986848145549182 0.03696421185055314
2 0.3292425169585693 0.8908740105500115 0.014342460990419425 0.035374438311602675
5 0.34170157338100443 0.8903109488616142 0.014424348145549182 0.03693693831160268
9 0.5104925169585692 0.8940377410682508 0.012779960990419425 0.035347164772652206
2 0.15893001695856931 0.8879011948044244 0.016068735300678937 0.03852671185055314
4 0.1722522105361342 0.8889142698855024 0.014506235300678938 0.03849943831160267
2 0.5237737669585693 0.894269566149329 0.014506235300678938 0.03849943831160267
3 0.3558050169585693 0.8913376607121674 0.014342460990419425 0.035374438311602675