5 0.3265625 0.2859375 0.0171875 0.034375
0 0.34609375 0.284375 0.01875 0.034375
5 0.06328125 0.70703125 0.0125 0.025
3 0.08125 0.70703125 0.0109375 0.0234375
3 0.3109375 0.93046875 0.009375 0.025
2 0.09375 0.70625 0.0125 0.021875
2 0.21953125 0.70703125 0.0125 0.0234375
2 0.08515625 0.8046875 0.0140625 0.03125
2 0.27109375 0.80390625 0.015625 0.03125
2 0.28671875 0.8046875 0.015625 0.03125
2 0.471875 0.93046875 0.0125 0.0234375
9 0.1609375 0.70625 0.0140625 0.0234375
0 0.2328125 0.70703125 0.0125 0.025
1 0.2453125 0.70625 0.0109375 0.0234375
1 0.0609375 0.8046875 0.015625 0.03125
1 0.29296875 0.93046875 0.0125 0.0265625
9 0.10234375 0.8046875 0.015625 0.03125
9 0.246875 0.80546875 0.0171875 0.03125
0 0.11875 0.80546875 0.0171875 0.0296875
8 0.30390625 0.8046875 0.015625 0.0296875
9 0.12734375 0.93046875 0.0140625 0.025
1 0.140625 0.93046875 0.0109375 0.025
9 0.453125 0.93046875 0.0125 0.025
8 0.25859375 0.70625 0.0125 0.0234375