0 0.263002720267813 0.617105621329394 0.016352351823611146 0.031795637023308565
3 0.17940897026781305 0.6200247794040947 0.016388719414791718 0.033358137023308566
2 0.24894022026781304 0.6175966946503717 0.014789851823611144 0.03174107332097762
7 0.29190897026781304 0.6160961928362731 0.014789851823611144 0.03174107332097762
1 0.05519022026781302 0.6243625937393977 0.014935322188333355 0.03799107332097762
3 0.0895834040634033 0.6239434422881189 0.014898954597152802 0.03642857332097762
9 0.10364590406340331 0.6234523689671413 0.01486258700597225 0.03486607332097762
1 0.27708340406340326 0.6173957980084163 0.014898954597152781 0.03642857332097762
1 0.06770840406340331 0.6247073341207509 0.014898954597152802 0.03642857332097762
0 0.30482981040791735 0.7681125606222879 0.018114873575104173 0.04044395072563951
7 0.323561626612327 0.7666765461943177 0.018114873575104173 0.04044395072563933
2 0.07903037661232704 0.7752157656090967 0.01815124116628475 0.04200645072563951
6 0.11498606040791733 0.7747420504554869 0.019677373575104174 0.04049851442797028
8 0.09703549420350759 0.7761507830322918 0.016625108757465323 0.043514387023308565
8 0.2868246928167368 0.7671775431990928 0.0213489763486459 0.045240578130301044
8 0.3345205764598272 0.9351810095338289 0.01482621941479172 0.03330357332097762
2 0.13608307645982717 0.9421105997298476 0.01482621941479172 0.03330357332097762
2 0.3188955764598272 0.9357266465571374 0.01482621941479172 0.03330357332097762
6 0.34858307645982717 0.9346899362128511 0.01482621941479172 0.03330357332097762
1 0.15016376025541747 0.94240077640887 0.014898954597152781 0.03642857332097762
8 0.5017262602554174 0.9301239433844273 0.017987587005972118 0.03497520072563916
0 0.5150256940510077 0.9304414019146151 0.012482469414791808 0.03322172776748147
7 0.5298694440510078 0.9299230467424717 0.014789851823611144 0.03174107332097762