8 0.37109375 0.465625 0.0171875 0.0421875
5 0.053125 0.60546875 0.0125 0.0296875
1 0.071875 0.60625 0.0109375 0.0265625
7 0.084375 0.60625 0.0125 0.0265625
2 0.1546875 0.60625 0.0125 0.028125
5 0.16796875 0.60703125 0.0109375 0.0265625
2 0.23046875 0.60703125 0.0125 0.028125
0 0.24296875 0.60625 0.0125 0.028125
0 0.08984375 0.74453125 0.015625 0.0359375
0 0.3 0.8984375 0.0125 0.0296875
1 0.25625 0.60625 0.009375 0.028125
7 0.26875 0.60546875 0.0125 0.0296875
7 0.27734375 0.74453125 0.015625 0.034375
7 0.4515625 0.89765625 0.0125 0.0296875
3 0.07265625 0.74453125 0.0140625 0.0359375
3 0.28671875 0.89765625 0.0125 0.0296875
8 0.29375 0.74453125 0.015625 0.0359375
4 0.11953125 0.89765625 0.0125 0.0296875
8 0.465625 0.89765625 0.0125 0.028125