7 0.2787675550357929 0.24676866607254447 0.010231844710093262 0.028375052586424764
2 0.19881109940706776 0.6281657670887588 0.01620112364928845 0.037127926959604096
0 0.21370035203790366 0.6293789261016742 0.017945634172632195 0.04029839106622681
2 0.11296460466873963 0.6272277412245113 0.016064615756780663 0.0347841769596041
1 0.12863510729957556 0.6284636322907382 0.012385878910960279 0.038576766693047305
1 0.2269360994070678 0.6289841210079671 0.01472962891096028 0.03864496285298138
7 0.24177984940706776 0.6294160300208825 0.01620112364928845 0.037127926959604096
4 0.03943609940706778 0.6235284282132454 0.008434126280124377 0.03768185642649069
7 0.06934965451344785 0.7889632115993402 0.019735647326811767 0.04425010517284953
5 0.2600201571442838 0.7952910826073072 0.01991765785015547 0.04737510517284953
7 0.052852399251776004 0.786923338479802 0.016474139434304 0.04181542695960409
8 0.24122465451344785 0.7939642633278352 0.02179867626600691 0.05288931927947225
0 0.27794340451344784 0.7950326698334681 0.019735647326811812 0.04425010517284953
5 0.47810854643741346 0.9855161816275053 0.016383134172632197 0.028967636744989277
0 0.4921710464374135 0.9861113951073073 0.01629212891096028 0.02777720978538554
7 0.29607729643741343 0.983649147416734 0.01620112364928845 0.03270170516653188
8 0.4640460464374135 0.9849096021210475 0.018036639434303937 0.03018079575790509
1 0.09612279906824936 0.9803374535662268 0.017945634172632154 0.039325092867546374
6 0.11174779906824936 0.9812787437317938 0.016064615756780663 0.0347841769596041
3 0.28127904906824935 0.9838238179102763 0.01620112364928854 0.032352364179447334
7 0.31170229643741343 0.9838651019231918 0.017763623649288452 0.03226979615361643