2 0.09897932276413188 0.7195506152591198 0.015952264003818016 0.02839773538950343
2 0.1825821634309046 0.7217909995929629 0.015924992003499838 0.02605398538950343
0 0.1958543227641319 0.7212415746740408 0.015924992003499838 0.02605398538950343
0 0.010716254097677324 0.7195721603084255 0.005032945337363448 0.029769320616851048
8 0.11226057276413189 0.7197824403401976 0.015924992003499838 0.026053985389503254
1 0.21147023209735916 0.7207330600635442 0.014407945337363426 0.029932961850553143
7 0.22554182276413187 0.7217597719140972 0.012827264003817973 0.028343188311602673
5 0.02241682276413188 0.7182142118505531 0.014407945337363453 0.029932961850553143
6 0.2356809861154947 0.8547222763783241 0.017587489337999786 0.034675008928453724
1 0.25443098611549464 0.8550495588457283 0.01761476133831792 0.03701875892845372
2 0.01459632678226741 0.851644320616851 0.008975558004454343 0.032962504464227035
0 0.027868486115494688 0.8510948956979287 0.016024989337999784 0.034647735389503255
0 0.26154514680135743 0.9943080176533889 0.01424431333545444 0.011383964693222027
1 0.4443485561345847 0.9951290880667214 0.012699994668999893 0.009741823866557198
6 0.06387980613458472 0.9918017163147799 0.014262494668999893 0.016396567370440353
6 0.4310673061345847 0.9950131755261825 0.012699994668999893 0.009973648947634927
2 0.2466923061345847 0.9933903999586373 0.015824994668999892 0.01321920008272528