7 0.15625 0.5671875 0.0140625 0.034375
6 0.0578125 0.5671875 0.0125 0.034375
2 0.21875 0.5671875 0.0125 0.034375
0 0.23203125 0.56640625 0.0125 0.034375
5 0.07578125 0.5671875 0.0125 0.034375
1 0.2453125 0.56640625 0.0125 0.034375
7 0.25703125 0.5671875 0.0125 0.034375
4 0.0890625 0.5671875 0.0140625 0.034375
0 0.34140625 0.71484375 0.0171875 0.0390625
4 0.11640625 0.71484375 0.0171875 0.0390625
4 0.32421875 0.7140625 0.0171875 0.04375
1 0.28515625 0.7125 0.0171875 0.04375
1 0.30078125 0.7140625 0.0171875 0.0453125
7 0.35703125 0.71484375 0.0171875 0.04375
5 0.0765625 0.71484375 0.0140625 0.0390625
2 0.10078125 0.71484375 0.0171875 0.0390625
0 0.13359375 0.71640625 0.0171875 0.04375
1 0.4515625 0.88359375 0.0125 0.0359375
1 0.46484375 0.884375 0.0140625 0.0390625
4 0.134375 0.8859375 0.0125 0.034375
5 0.28984375 0.8859375 0.0125 0.034375
4 0.484375 0.884375 0.0125 0.0390625
2 0.30859375 0.8859375 0.0140625 0.034375
2 0.1234375 0.8859375 0.0140625 0.034375
7 0.14921875 0.8859375 0.0140625 0.034375