1 0.41255425091763326 0.9784829819868044 0.015063557878390199 0.017596676959604096
4 0.4273524982867973 0.9796961409997198 0.015063557878390376 0.017596676959604096
2 0.44219624828679727 0.9801280500126353 0.013501057878390376 0.01755121285298138
3 0.2445855009176332 0.9735955905248662 0.013501057878390376 0.017551212852981734
6 0.23047749828679728 0.973967663565262 0.015063557878390376 0.017596676959604096
3 0.0438042509176332 0.9677534528238516 0.015063557878390333 0.017596676959604096
0 0.07518930076234143 0.8051087003165691 0.016626057878390332 0.017642141066226812
7 0.10409555076234142 0.8059497862890888 0.015063557878390333 0.017596676959604096
0 0.0007355398507682989 0.8027445667721897 0.0014710797015365978 0.017596676959604096
2 0.060345550762341424 0.8046767913036537 0.015063557878390333 0.017596676959604096
1 0.08925180076234143 0.8055178772761733 0.013592063140062182 0.019113712852981378
2 0.24255954030958488 0.887453502045064 0.018416071032569904 0.02159385517284953
4 0.22385504294042083 0.8861266827655919 0.01841607103256999 0.02159385517284953
1 0.20666754294042083 0.8856265775927424 0.01850707629424182 0.02315635517284953
6 0.00322753791293494 0.8803156373053032 0.00645507582586988 0.02159385517284953
3 0.015215790309584898 0.8808384745314639 0.016853571032569965 0.021548391066226812