7 0.1271416785768599 0.5695976594976466 0.015043737899751618 0.0346340986200282
6 0.02245872375639972 0.5706437366073194 0.01347214754067197 0.03304432508107791
2 0.1919854285768599 0.5684658076312076 0.013481237899751619 0.03460682508107773
0 0.20605247375639973 0.5674390957806544 0.01190964754067192 0.03301705154212762
5 0.041204178576859915 0.5710977041399153 0.013490328258831208 0.03616932508107791
1 0.21855247375639975 0.5672209074690517 0.011918737899751619 0.03457955154212762
7 0.2326104285768599 0.5677566956184987 0.013481237899751619 0.03460682508107791
4 0.054485428576859916 0.5708658790588375 0.013472147540671964 0.03304432508107791
0 0.3192013926688982 0.7224793774372797 0.016656234874689525 0.043255122158978664
4 0.08326843784843795 0.725816431818781 0.01665623487468948 0.043255122158978664
4 0.3012417330279778 0.7212305231352085 0.018236915592848745 0.046407395697928774
1 0.26062127820751757 0.7211583851479174 0.016674415592848747 0.046380122158978666
1 0.2770275282075175 0.7208720129889388 0.016674415592848747 0.046380122158978666
7 0.3356076426688982 0.722193005278301 0.016665325233769047 0.044817622158978665
5 0.04186218784843795 0.7265391806009649 0.01509373487468949 0.043227848620028195
2 0.06686218784843795 0.7261028039777596 0.01665623487468948 0.043255122158978664
0 0.10123264266889813 0.726284036120852 0.018227825233769136 0.04484489569792895
1 0.43458497727244116 0.8962287487854793 0.011936918617910663 0.037704551542127616
1 0.44864293209290135 0.8967645369349263 0.015080099336070064 0.040884098620028196
4 0.10175884173382173 0.9043817625819017 0.013499418617910841 0.037731825081078085
5 0.2642542965542819 0.9023265645310662 0.013499418617910841 0.037731825081078085
4 0.4681696369133615 0.8972048676980471 0.013517599336070062 0.04085682508107809
2 0.28379009173382175 0.9012043952941872 0.015043737899751618 0.0346340986200282
2 0.0900355465542819 0.9053675641240293 0.013499418617910819 0.037731825081078085
7 0.11582134173382172 0.9041363007313488 0.01505282825883123 0.0361965986200282