0 0.17664441178771587 0.501025283611828 0.01539931070710594 0.03885425296574958
2 0.16177337993655044 0.4996391971479812 0.015344747004775084 0.03729175296574958
2 0.10474212993655044 0.4973153517868859 0.015344747004775084 0.03729175296574958
1 0.19224212993655043 0.5008807035737719 0.015344747004775084 0.03729175296574958
1 0.09070691178771587 0.4975235988211364 0.015399310707105962 0.03885425296574958
7 0.206277348085385 0.5006724565395213 0.01539931070710594 0.03885425296574958
2 0.27254473274644087 0.6781236358930054 0.019015384028083736 0.05304408695813834
6 0.23655266904411 0.6750967949805344 0.018906256623422026 0.049919086958138334
9 0.25532995089527544 0.6766420489348672 0.019015384028083736 0.05304408695813834
3 0.04595495089527544 0.6681106714448186 0.018906256623421956 0.049919086958138334
5 0.029575982746440865 0.6682234179847775 0.014218756623421957 0.049728085969555025
6 0.43427095034712127 0.8859891685162502 0.017016374409436708 0.04048041996194378
2 0.25067720034712127 0.8785082964634092 0.01539931070710594 0.03885425296574922
5 0.26471241849595584 0.8783000494291586 0.015453874409436885 0.04041675296574958
9 0.44911470034712125 0.8865940049800969 0.01383681070710594 0.03879058596955502
2 0.06473970034712126 0.8709319239162767 0.017098219962933103 0.04282416996194414
4 0.0788294821982867 0.872286176882026 0.015535719962933103 0.04276050296574958
2 0.46395845034712124 0.8871988414439436 0.015535719962933214 0.04276050296574922
3 0.27958345034712123 0.8796861358930055 0.01539931070710594 0.03885425296574922