8 0.37651178739654256 0.47858387930357826 0.01767839600572696 0.04278770072563951
5 0.060170266748859856 0.6073239158792492 0.012845445337363448 0.030124009618646853
1 0.07892935741563259 0.6087599303072194 0.011246582670272565 0.026944445916316083
7 0.09142935741563259 0.6091964399258663 0.012809082670272564 0.026999009618646853
2 0.16174185741563257 0.6116518065307547 0.012827264003817973 0.02856150961864685
5 0.1750321980824053 0.612896848000567 0.01124658267027252 0.026944445916316083
2 0.23753219808240528 0.6150793960938012 0.012827264003817973 0.02856150961864685
0 0.2500231074156326 0.614734655712448 0.012827264003817973 0.02856150961864685
0 0.09850715543440444 0.7476686628840242 0.01604317067154524 0.03648313702330856
0 0.31045426678863075 0.9089137308475242 0.012845445337363426 0.030124009618646853
1 0.2633043574156326 0.6151984471822604 0.009702264003817972 0.02845238221398514
7 0.27579526674885985 0.6148537068009072 0.012845445337363426 0.030124009618646853
7 0.28600715543440447 0.7542163071637269 0.016024989337999784 0.03492063702330857
7 0.46200767612185806 0.9134251599736173 0.012845445337363514 0.030124009618646853
3 0.08131965543440445 0.7470684621583847 0.014480670671545237 0.03642857332097762
3 0.29716392612185805 0.9076686893777121 0.012845445337363426 0.030124009618646853
8 0.3024134054344044 0.754789226038201 0.01604317067154524 0.03648313702330856
4 0.12997642612185803 0.9018303732283105 0.012845445337363426 0.030124009618646853
8 0.4760701761218581 0.913916233294595 0.012827264003817973 0.02856150961864685