2 0.1578125 0.66015625 0.0140625 0.025
2 0.23359375 0.6609375 0.0140625 0.0234375
9 0.05703125 0.66015625 0.0140625 0.0265625
0 0.2453125 0.66015625 0.0140625 0.0234375
0 0.075 0.66171875 0.0140625 0.0265625
8 0.1703125 0.66015625 0.0140625 0.0234375
1 0.259375 0.659375 0.0125 0.0265625
7 0.271875 0.66015625 0.0109375 0.025
5 0.0890625 0.66015625 0.0125 0.0265625
6 0.2796875 0.7796875 0.015625 0.03125
1 0.296875 0.7796875 0.015625 0.0328125
2 0.07734375 0.78046875 0.015625 0.0296875
0 0.09296875 0.7796875 0.0140625 0.03125
0 0.30234375 0.9125 0.0125 0.025
1 0.46640625 0.9125 0.0109375 0.028125
6 0.12421875 0.91171875 0.0125 0.0265625
6 0.45390625 0.91171875 0.0109375 0.0265625
2 0.2890625 0.91171875 0.0140625 0.0265625