6 0.0703125 0.5671875 0.0125 0.0328125
7 0.1734375 0.5671875 0.0125 0.03125
1 0.05703125 0.56640625 0.0140625 0.0359375
2 0.134375 0.565625 0.0125 0.03125
0 0.14765625 0.56640625 0.0140625 0.0328125
1 0.16015625 0.565625 0.0125 0.0328125
9 0.2953125 0.71484375 0.015625 0.04375
2 0.2796875 0.7140625 0.015625 0.04375
9 0.0921875 0.71484375 0.015625 0.040625
1 0.0765625 0.71640625 0.0140625 0.04375
3 0.1234375 0.8859375 0.0125 0.034375
9 0.30234375 0.88671875 0.0125 0.034375
2 0.45390625 0.8859375 0.0125 0.03125
1 0.2890625 0.88515625 0.0125 0.0375
9 0.46640625 0.88515625 0.0125 0.0328125