7 0.1597520960773146 0.5775561912027156 0.014444308004454332 0.033549484396167804
6 0.058961755410541904 0.5714932196968467 0.012863626670908901 0.03190509724103805
2 0.2222520960773146 0.5808316774079058 0.01288180800445433 0.03346759724103805
0 0.2355242554105419 0.5807464682265087 0.011301126670908879 0.03182321008590829
5 0.07772084607731462 0.5732571155584038 0.012899989337999785 0.03503009724103805
1 0.2480242554105419 0.5814015654675467 0.011319308004454331 0.03338571008590811
7 0.2613145960773146 0.5828788562861495 0.01288180800445433 0.03346759724103805
4 0.09100209607731462 0.5739531563770066 0.012863626670908878 0.03190509724103805
0 0.34742591343090456 0.7365195126631562 0.016097714672181594 0.04144387155129756
4 0.12085432276413188 0.7238646251693421 0.016097714672181553 0.04144387155129756
4 0.3302202320973592 0.7340562539567289 0.017696577339272414 0.04465075870642732
1 0.29036739143058643 0.7311868815009201 0.016134077339272503 0.04456887155129756
1 0.30599239143058643 0.7320057530522177 0.016134077339272503 0.04456887155129756
7 0.36305091343090456 0.7373383842144536 0.016115896005726958 0.043006371551297565
5 0.08101057276413189 0.7217765027135334 0.014535214672181551 0.041361984396167804
2 0.10522932276413188 0.7230457536180446 0.016097714672181553 0.04144387155129756
0 0.13805091343090461 0.7255466338757695 0.017678396005727005 0.04308825870642732
1 0.46110824745381257 0.9111244442549336 0.011355670671545326 0.03651071008590847
1 0.47439858812058533 0.9126017350735364 0.014517033338636054 0.03979948439616763
4 0.1416042694541308 0.8967222710308992 0.012918170671545237 0.03659259724103805
5 0.2970821101209035 0.9056512929663094 0.012918170671545237 0.03659259724103805
4 0.4931576787873581 0.9143656309350934 0.012954533338636054 0.03971759724103805
2 0.3158230194541308 0.9058526888278664 0.014444308004454332 0.03354948439616763
2 0.12989461012090353 0.8968893673674261 0.012918170671545237 0.03659259724103805
7 0.15488551945413082 0.897418311849502 0.014462489337999785 0.035111984396167625