1 0.050751209057955896 0.18792168507002258 0.016299242142117133 0.03194135876750561
6 0.07965745905795589 0.18926801530148094 0.031215766749222995 0.03419521753501127
1 0.8474698895798646 0.3964943577295391 0.011211481803034929 0.02312928494618811
1 0.8865687768834174 0.3975324729071856 0.014336481803034928 0.02327483416039975
1 0.07177637675958293 0.4089084272121397 0.011211481803034929 0.023129284946188024
6 0.09130762675958293 0.4098181098009629 0.023893418320799588 0.02761773180303493
4 0.018837389789261492 0.9067444596771285 0.01902398180303493 0.02349315798171716
4 0.34939172291620396 0.9962468673481322 0.02371148180303493 0.00750626530373566
3 0.0547748897892615 0.9084182756405632 0.02214898180303493 0.023638707195929243
0 0.07977488978926149 0.9095826693542568 0.02371148180303493 0.02371148180303493
0 0.22196238978926147 0.9162051586008898 0.02371148180303493 0.02371148180303493
0 0.30484766439636735 0.9184997127775004 0.02371148180303493 0.02371148180303493
0 0.3657851643963673 0.9213379224546288 0.02371148180303493 0.02371148180303493
2 0.19859766439636733 0.9135510394943018 0.02214898180303493 0.023638707195929243
2 0.24539988978926147 0.9172967777074778 0.02214898180303493 0.023638707195929243
2 0.2672748897892615 0.9183156222069598 0.02214898180303493 0.023638707195929243
5 0.32828516439636735 0.9195913318840881 0.02371148180303493 0.02371148180303493
1 0.38602488978926147 0.9238464923470049 0.014336481803034928 0.02327483416039975
5 0.01579797291620398 0.9884781780395819 0.023711481803034933 0.023043643920836132
1 0.04477699752330984 0.98847925506597 0.014336481803034928 0.023041489868059983
6 0.06736047291620398 0.9896789590568286 0.02371148180303493 0.02064208188634282
9 0.09008949752330983 0.988448762458346 0.023893418320799588 0.023102475083307893
2 0.3025894975233098 0.9943739982415444 0.02371148180303493 0.011252003516911201
9 0.32595422291620396 0.9947244952948383 0.023893418320799588 0.010551009410323432