1 0.02828280971256073 0.21117651741285454 0.0165797462390763 0.03363137155129747
6 0.05953280971256073 0.21281426051544958 0.03225021034569899 0.036012743102595036
1 0.8668044374509524 0.4350830811829205 0.0108609436526514 0.024751016508343326
1 0.9082334195042637 0.4364718407938589 0.0147671936526514 0.024955734396167627
1 0.05517060398571526 0.4434058412481442 0.010860943652651556 0.024751016508343326
6 0.07470185398571526 0.4444294306872661 0.025014371865896924 0.028613000904511132
4 0.008818112546721433 0.9651646545679842 0.017636225093442866 0.025201395861557074
3 0.04619012826711709 0.9671708898686632 0.023360943652651556 0.025406113749381377
0 0.07275262826711708 0.9685629715058688 0.02492344365265158 0.025488000904510956
0 0.2211901282671171 0.9763422512431955 0.02492344365265158 0.025488000904510956
0 0.30795434237373975 0.9793244883528966 0.02492344365265158 0.025488000904510956
0 0.3720168423737398 0.9826818617132165 0.02492344365265158 0.025488000904510956
2 0.1970168423737398 0.9735105003386841 0.023360943652651577 0.025406113749381377
2 0.24619012826711711 0.9776524457252714 0.023360943652651577 0.025406113749381377
2 0.2680651282671171 0.978798865897088 0.023360943652651577 0.025406113749381377
5 0.3329543423737398 0.9806346828349728 0.02492344365265158 0.025488000904510956
1 0.3930651282671171 0.9853498383074681 0.014767193652651578 0.024955734396167627