9 0.1734375 0.07421875 0.0125 0.0171875
1 0.2203125 0.07421875 0.009375 0.0171875
1 0.234375 0.0734375 0.009375 0.0171875
5 0.25390625 0.0734375 0.0125 0.0171875
6 0.2671875 0.0734375 0.0125 0.0171875
2 0.78359375 0.66328125 0.0203125 0.0203125
0 0.80625 0.66328125 0.0203125 0.0203125
1 0.82421875 0.66328125 0.0125 0.021875
7 0.8421875 0.6671875 0.0203125 0.0234375
4 0.12734375 0.9046875 0.0140625 0.0171875
3 0.02421875 0.9703125 0.0125 0.0171875
7 0.0375 0.9703125 0.0125 0.0171875
9 0.05078125 0.9703125 0.0140625 0.0171875