3 0.26328125 0.0828125 0.0140625 0.0203125
0 0.28359375 0.08203125 0.0140625 0.0203125
5 0.2984375 0.08203125 0.0125 0.0203125
1 0.14765625 0.18984375 0.009375 0.021875
0 0.16328125 0.18984375 0.0171875 0.021875
5 0.134375 0.3171875 0.0140625 0.021875
1 0.17890625 0.59140625 0.009375 0.0203125
4 0.19453125 0.58984375 0.0140625 0.0203125
9 0.240625 0.58984375 0.0140625 0.0203125
0 0.2609375 0.58984375 0.0125 0.0203125
0 0.27265625 0.5890625 0.0125 0.0203125
1 0.18046875 0.81640625 0.009375 0.0203125
3 0.19453125 0.8171875 0.0140625 0.021875
9 0.240625 0.8171875 0.0140625 0.0203125
0 0.2609375 0.81640625 0.0140625 0.0203125
0 0.27421875 0.81640625 0.0140625 0.0203125