3 0.2612390283715299 0.06858990746575644 0.015457515439406233 0.02135284862002824
0 0.2823100463182186 0.06817685024158601 0.015457515439406145 0.02135284862002824
5 0.2979350463182186 0.06844958563108942 0.013113765439406145 0.02131193831160272
1 0.14569424788842894 0.1766733685055306 0.010034229546028861 0.02281989123370205
0 0.16210049788842892 0.17695974066450917 0.01862797954602886 0.02296989569792891
5 0.13623198284473417 0.3076915434244527 0.015502979546028861 0.022915348620028198
1 0.18975075409012812 0.5905137260540126 0.009988765439406234 0.021257391233702093
4 0.2061115399835054 0.5892375982129912 0.015457515439406145 0.021352848620028196
9 0.2537677899835054 0.5900694411509765 0.015457515439406145 0.021352848620028196
0 0.2740802899835054 0.590423997157331 0.013113765439406145 0.021311938311602673
0 0.28655755793019405 0.5898609354689336 0.013113765439406145 0.021311938311602673
1 0.1980419418702849 0.8217909995929629 0.009988765439406189 0.021257391233702093
3 0.2129311559769076 0.8236125982129912 0.015502979546028861 0.022915348620028198
9 0.2605874059769076 0.8244444411509765 0.015457515439406145 0.021352848620028196
0 0.28085444187028485 0.8232364971573309 0.015457515439406145 0.021352848620028196
0 0.2949169418702849 0.8234819590078839 0.015457515439406145 0.021352848620028196