2 0.1794370969806814 0.06685619404836297 0.016680231803034927 0.023110891066226814
2 0.7769414514049608 0.26524616224511377 0.015190506410140792 0.024627926959604095
2 0.2742232896991898 0.6446151326864495 0.015117731803034929 0.023065426959604098
2 0.28454232133560897 0.9164219365265156 0.015190506410140792 0.024627926959604095
7 0.23099959698068137 0.06835650956691144 0.015117731803034929 0.02306542695960414
7 0.8292852014049608 0.26676920981697355 0.016753006410140613 0.02467339106622681
7 0.18968550806277062 0.37064878378180627 0.016680231803034927 0.023110891066226814
0 0.2536558469806814 0.06901573911294032 0.016680231803034927 0.023110891066226814
0 0.2684995969806814 0.06944764812585578 0.01675300641014079 0.02467339106622681
0 0.7941289514049609 0.26574626741796326 0.01675300641014079 0.02467339106622681
0 0.25765425806277065 0.3726264724198929 0.01649829528527027 0.019204641066226814
0 0.28031050806277064 0.37328570196592176 0.015117731803034929 0.023065426959604098
0 0.2935917580627706 0.37367214687221456 0.016680231803034927 0.023110891066226814
0 0.4591655239834241 0.7124117011079919 0.01675300641014079 0.02467339106622681
0 0.47635302398342405 0.7129118062808415 0.01675300641014079 0.02467339106622681
0 0.4935405239834241 0.7134119114536909 0.01675300641014079 0.02467339106622681
0 0.30797982133560897 0.9171038981258558 0.01675300641014079 0.02467339106622681
0 0.3228963459427149 0.9190983071387713 0.01675300641014079 0.02467339106622681
1 0.8096811767978551 0.26463840848419007 0.011284256410140614 0.02451426669304748
1 0.24046675806277062 0.3721263672470434 0.011029545285270271 0.019045516693047392
6 0.2000045396991898 0.6424555876218723 0.015117731803034929 0.023065426959604098
5 0.2515670396991898 0.6439559031404207 0.015117731803034929 0.023065426959604098
5 0.2890670396991898 0.645047041699365 0.015117731803034929 0.023065426959604098
1 0.4310405239834241 0.7115933471887838 0.011284256410140792 0.024514266693047303
4 0.22055259594271487 0.9161204081549856 0.016680231803034927 0.023110891066226814
1 0.272042321335609 0.9160582236735341 0.011284256410140792 0.02451426669304766