2 0.1752207440095502 0.07846128378180625 0.014799109981466519 0.02150292695960414
1 0.1869394940095502 0.07880226458147636 0.009975200725639422 0.01746028463973608
9 0.23693949400955025 0.08025711599340217 0.014799109981466607 0.02150292695960414
3 0.2556894940095502 0.08080268527287435 0.009975200725639422 0.01746028463973608
3 0.26897074400955023 0.08118913017916714 0.014799109981466607 0.02150292695960414
2 0.35459576387981606 0.23118678167023524 0.014853673683797374 0.023065426959604098
2 0.44053326387981606 0.2336873075344827 0.014853673683797553 0.023065426959604098
4 0.04481658074700787 0.8363921410662268 0.014799109981466552 0.021502926959604096
9 0.06041429889584245 0.8360655321324536 0.013236609981466562 0.02145746285298138
9 0.17749764989163433 0.9705889478092867 0.013236609981466562 0.021457462852981734
3 0.07213304889584245 0.8364065129321236 0.013236609981466562 0.021457462852981734
2 0.15645846359396517 0.9715376823698805 0.014799109981466562 0.021502926959604096