9 0.16796875 0.07286536917644833 0.0125 0.017842597241038004
1 0.215625 0.07536292740790576 0.009375 0.017678822930778514
1 0.23046875 0.0753596053816384 0.009375 0.017678822930778493
5 0.25 0.07638319482076031 0.0125 0.017842597241038004
6 0.26328125 0.07707923563936318 0.0125 0.017842597241038004
2 0.78828125 0.7038120697629597 0.0203125 0.021377033016686652
0 0.8109375 0.7049994335123412 0.0203125 0.021377033016686652
1 0.8296875 0.7059820793738982 0.0125 0.02253009724103805
7 0.84765625 0.7108300316578904 0.0203125 0.02450203301668665
4 0.12109375 0.9141587545225558 0.0140625 0.017924484396167627
3 0.01640625 0.9750785651288624 0.0125 0.01784259724103805
7 0.03046875 0.9758155495250301 0.0125 0.01784259724103805
9 0.04375 0.9765115903436332 0.0140625 0.017924484396167627