2 0.17890625 0.08203125 0.0140625 0.0203125
2 0.709375 0.2453125 0.0125 0.021875
2 0.240625 0.6 0.0125 0.0203125
2 0.23828125 0.8453125 0.0125 0.021875
2 0.50703125 0.97265625 0.0140625 0.021875
7 0.22578125 0.08203125 0.0125 0.0203125
7 0.75625 0.2453125 0.0140625 0.021875
7 0.17578125 0.35546875 0.0140625 0.0203125
0 0.24609375 0.08203125 0.0140625 0.0203125
0 0.259375 0.08203125 0.0140625 0.021875
0 0.725 0.2453125 0.0140625 0.021875
0 0.23671875 0.35546875 0.0140625 0.0171875
0 0.25703125 0.35546875 0.0125 0.0203125
0 0.26953125 0.35546875 0.0140625 0.0203125
0 0.40390625 0.65625 0.0140625 0.021875
0 0.41953125 0.65625 0.0140625 0.021875
0 0.43515625 0.65625 0.0140625 0.021875
0 0.259375 0.8453125 0.0140625 0.021875
0 0.27265625 0.84609375 0.0140625 0.021875
1 0.7390625 0.24375 0.009375 0.021875
1 0.22109375 0.35546875 0.009375 0.0171875
6 0.1734375 0.6 0.0125 0.0203125
5 0.2203125 0.6 0.0125 0.0203125
5 0.25390625 0.6 0.0125 0.0203125
1 0.37890625 0.65625 0.009375 0.021875
4 0.18046875 0.84609375 0.0140625 0.0203125
1 0.22734375 0.8453125 0.009375 0.021875
5 0.55390625 0.97265625 0.0140625 0.021875