2 0.1519989110941667 0.027577510382169358 0.016134146276527782 0.022785052616718482
1 0.16528016109416668 0.028351055106380075 0.010592661094166678 0.019341534200867018
9 0.21762391109416668 0.03139973137238702 0.016134146276527782 0.022785052616718492
3 0.23871766109416673 0.03262830240495699 0.010592661094166723 0.019341534200867018
3 0.2527801610941667 0.033447349760003624 0.016134146276527782 0.022785052616718492
2 0.3416095378034029 0.1962196365211194 0.016188697663298602 0.025128802616718505
2 0.43379703780340295 0.20158894695975854 0.01618869766329869 0.02512880261671846
9 0.02247255850805625 0.8314320105233437 0.006759146276527794 0.02223902104668731
9 0.14373257550989665 0.9797091577795684 0.013790396276527783 0.022648544724210497
3 0.03266517609923681 0.8335860447242108 0.013790396276527794 0.022648544724210497
2 0.12189394310107722 0.9799975841161623 0.016134146276527782 0.02278505261671846