3 0.2638429880321527 0.06264168362794217 0.014535278685347208 0.021049484396167762
0 0.28495492182774296 0.060754957033690535 0.014535278685347208 0.021049484396167762
5 0.29979867182774295 0.0599770290599579 0.012972778685347209 0.020967597241038007
1 0.144127940445104 0.17737697026267357 0.009884146276527783 0.02236632293077854
0 0.159752940445104 0.17655809871137604 0.017696646276527783 0.02277575870642723
5 0.12784636417270806 0.30697926108127643 0.014571646276527784 0.022611984396167805
1 0.16666724914697867 0.5835107835825136 0.009847778685347208 0.020803822930778537
4 0.1823286167381592 0.5811294120312162 0.014535278685347208 0.021049484396167807
9 0.22920361673815925 0.5786727973773236 0.014535278685347208 0.021049484396167627
0 0.24951611673815927 0.5776082643606368 0.012972778685347209 0.020967597241038048
0 0.2620343005337495 0.5761719171195988 0.012972778685347209 0.020967597241038048
1 0.16292008083461734 0.8115538964273838 0.009847778685347208 0.020803822930778537
3 0.17696439703902708 0.8115981620312163 0.014571646276527784 0.022611984396167628
9 0.22383939703902705 0.8091415473773236 0.014535278685347208 0.021049484396167627
0 0.2441700808346174 0.8072957643606369 0.014535278685347208 0.021049484396167627
0 0.2582325808346174 0.8065587799644691 0.014535278685347208 0.021049484396167627