2 0.12049603847458738 0.054838691710773754 0.015607641832631991 0.022479836463846724
2 0.7000992368379741 0.25476697931411546 0.014099705534962936 0.023978669467652303
2 0.2072446257601992 0.6177326225471326 0.014045141832631992 0.022416169467652302
2 0.21414942330527928 0.882480872052841 0.014099705534962759 0.02397866946765248
7 0.1712772884745874 0.05690786908709148 0.014045141832631992 0.022416169467652326
7 0.7508804868379741 0.2568361566904332 0.015662205534962937 0.02404233646384668
7 0.12768357821511916 0.35002385771838496 0.015607641832631991 0.02247983646384668
0 0.19315228847458737 0.05779920703381296 0.015607641832631991 0.022479836463846724
0 0.20799603847458742 0.05840404349765967 0.01566220553496276 0.024042336463846726
0 0.7172867368379741 0.2554673162722537 0.015662205534962937 0.02404233646384668
0 0.19330857821511915 0.3526978715585494 0.015498514427970279 0.01935483646384668
0 0.21596482821511914 0.3536210430033681 0.014045141832631992 0.022416169467652302
0 0.22924607821511916 0.3541622124710204 0.015607641832631991 0.02247983646384668
0 0.3859078282999372 0.6850832431170988 0.01566220553496276 0.02404233646384668
0 0.40231407829993715 0.68575174657714 0.01566220553496276 0.02404233646384668
0 0.4195015782999372 0.6864520835352782 0.015662205534962937 0.02404233646384668
0 0.2368056733052793 0.8834040434976597 0.01566220553496276 0.02404233646384668
0 0.2508954551564447 0.8847582964634093 0.01566220553496276 0.02404233646384668
1 0.7328571731356431 0.25454148623419764 0.010974705534962936 0.023851335475263545
1 0.17690232821511914 0.3520293680985083 0.010811014427970278 0.019163835475263548
6 0.1345883757601992 0.6147721072240934 0.014045141832631992 0.022416169467652302
5 0.1853696257601992 0.6168412846004111 0.014045141832631992 0.022416169467652302
5 0.2213071257601992 0.618305625512882 0.014045141832631992 0.022416169467652302
1 0.3585640782999372 0.683969070683697 0.01097470553496276 0.023851335475263545
4 0.15167670515644469 0.8807154422050653 0.015607641832631991 0.02247983646384668
1 0.20164942330527924 0.8819715360832859 0.010974705534962848 0.023851335475263368