3 0.0922350876300996 0.029997130012726685 0.025037621551297518 0.015906810669954398
1 0.21719306479017814 0.21124822469763496 0.018006371551297563 0.015824994668999892
0 0.2444958712126133 0.21234764803468026 0.03058825870642732 0.017532945337363513
2 0.2968805647901781 0.2121754727084526 0.02660012155129756 0.015924992003499838
2 0.3554743147901781 0.2128572727164068 0.025037621551297563 0.015906810669954384
2 0.38125556479017814 0.21315726471990665 0.025037621551297563 0.015906810669954384
0 0.3250055647901781 0.21250273671227063 0.02660012155129756 0.015924992003499838
2 0.35965944651824094 0.35674363271799764 0.016157266508343416 0.01033806333545444
2 0.35416968509828023 0.44657829205122485 0.01628009724103805 0.01268181333545435
2 0.34708976820582405 0.5965873827179976 0.01628009724103805 0.01268181333545435
2 0.33406638851392617 0.8301720420512251 0.01628009724103805 0.012681813335454706
9 0.37919069651824094 0.3569708993873157 0.01784259724103805 0.012699994668999893
9 0.37448218509828024 0.44681464938731563 0.01784259724103805 0.012699994668999893
9 0.36662101820582405 0.5968146493873157 0.01784259724103805 0.012699994668999893
5 0.35846660221787896 0.7225777180537702 0.01784259724103805 0.012699994668999893
9 0.35281638851392616 0.8303902180537703 0.01784259724103805 0.012699994668999893
1 0.39588247229883844 0.5307083913908155 0.01315509724103805 0.012645450668363622
2 0.41541372229883855 0.5309356580601337 0.017924484396167627 0.014262494668999893
1 0.5893901328597166 0.5525032174172233 0.01315509724103805 0.012645450668363622
0 0.6088804392821517 0.5535117340865414 0.01784259724103805 0.012699994668999893
1 0.3677121274326497 0.6953248747214975 0.01315509724103805 0.012645450668363622
0 0.3864621274326497 0.6955430507240428 0.01784259724103805 0.012699994668999893
5 0.5689526436023088 0.912641286083678 0.01784259724103805 0.012699994668999893