3 0.096875 0.02890625 0.021875 0.0140625
1 0.21796875 0.190625 0.015625 0.0140625
0 0.2421875 0.19140625 0.0265625 0.015625
2 0.28984375 0.190625 0.0234375 0.0140625
2 0.3421875 0.190625 0.021875 0.0140625
2 0.365625 0.190625 0.021875 0.0140625
0 0.31484375 0.190625 0.0234375 0.0140625
2 0.353125 0.3203125 0.0140625 0.009375
2 0.35234375 0.40078125 0.0140625 0.0109375
2 0.353125 0.5359375 0.0140625 0.0109375
2 0.35234375 0.74609375 0.0140625 0.0109375
9 0.3703125 0.3203125 0.015625 0.0109375
9 0.3703125 0.40078125 0.015625 0.0109375
9 0.3703125 0.5359375 0.015625 0.0109375
5 0.36875 0.64921875 0.015625 0.0109375
9 0.36875 0.74609375 0.015625 0.0109375
1 0.39375 0.4765625 0.0109375 0.0109375
2 0.4109375 0.4765625 0.015625 0.0125
1 0.56875 0.49375 0.0109375 0.0109375
0 0.5859375 0.49453125 0.015625 0.0109375
1 0.37578125 0.625 0.0109375 0.0109375
0 0.39296875 0.625 0.015625 0.0109375
5 0.5671875 0.81796875 0.015625 0.0109375