1 0.16234744418223168 0.13595240208425102 0.017824169961943914 0.016225200725639422
0 0.18972302768032887 0.13768851687504097 0.030387836958138337 0.018224210344286274
2 0.24203494418223173 0.13873515090312466 0.02641791996194396 0.016525301088459086
2 0.3006286941822317 0.14078128974053175 0.02485541996194396 0.016470737386128233
2 0.32640994418223174 0.14168159082899087 0.02485541996194396 0.016470737386128274
0 0.2701599441822317 0.13971729754508005 0.02641791996194396 0.01652530108845913
2 0.3182048078321157 0.2849405175080132 0.016038835475263545 0.010701887023308565
2 0.3210844101132932 0.37475698565684773 0.016134335969555113 0.013045637023308566
2 0.32797769174795477 0.5247842675080132 0.016134335969555113 0.013045637023308566
2 0.3367146576790163 0.7583507356568477 0.016134335969555113 0.013045637023308387
9 0.3377360578321157 0.2856225637871489 0.017696835969555114 0.013100200725639421
9 0.3413969101132932 0.3754663137871489 0.017696835969555114 0.013100200725639421
9 0.34750894174795477 0.5254663137871489 0.017696835969555114 0.01310020072563951
5 0.3510716349416033 0.651193000084818 0.0176968359695552 0.01310020072563951
9 0.3554646576790163 0.7590055000848179 0.017696835969555114 0.01310020072563951
1 0.3705843444096931 0.459960364875608 0.013009335969555202 0.012936509618646851
2 0.3901155944096931 0.4606424111547437 0.017760502965749582 0.014662700725639511
1 0.565911431862123 0.48628479581579953 0.013009335969555202 0.012936509618646851
0 0.5846932653602203 0.4877208102437699 0.017696835969555024 0.01310020072563951
1 0.3577699625082015 0.6241220685964722 0.013009335969555114 0.012936509618646851
0 0.37651996250820147 0.6247768330244426 0.017696835969555114 0.01310020072563951
5 0.5790241744849303 0.8463864821134687 0.017696835969555024 0.01310020072563951